-0.004555,-0.006827,-0.700025,0.714071,-0.000399,-0.000777,-0.002566
-0.004940,-0.006687,-0.699842,0.714249,-0.000226,-0.001098,-0.002284
-0.004952,-0.006731,-0.699836,0.714254,-0.000199,-0.001084,-0.002254
-0.004945,-0.006832,-0.699839,0.714251,-0.000294,-0.001026,-0.002198
-0.005094,-0.006724,-0.699847,0.714243,-0.000316,-0.000959,-0.002196
-0.005217,-0.006584,-0.699864,0.714227,-0.000255,-0.000991,-0.002069
-0.005348,-0.006492,-0.699878,0.714213,-0.000144,-0.000988,-0.001993
-0.005362,-0.006545,-0.699874,0.714217,-0.000151,-0.001007,-0.001978
-0.005232,-0.006820,-0.699855,0.714233,-0.000142,-0.001075,-0.001926
-0.005169,-0.006829,-0.699866,0.714223,-0.000150,-0.001075,-0.001929
-0.005242,-0.006816,-0.699860,0.714228,-0.000118,-0.001084,-0.001856
-0.005143,-0.006906,-0.699857,0.714231,-0.000091,-0.001107,-0.001884
-0.004990,-0.007110,-0.699842,0.714245,-0.000153,-0.001160,-0.001863
-0.004997,-0.007127,-0.699842,0.714245,-0.000190,-0.001152,-0.001893
-0.005010,-0.007148,-0.699804,0.714281,-0.000180,-0.000976,-0.001893
-0.004978,-0.007133,-0.699817,0.714269,-0.000207,-0.000975,-0.001867
-0.004965,-0.007136,-0.699807,0.714279,-0.000239,-0.001036,-0.001808
-0.004923,-0.007174,-0.699850,0.714237,-0.000267,-0.001127,-0.001756
-0.005062,-0.007118,-0.699858,0.714229,-0.000209,-0.001214,-0.001748
-0.005354,-0.006825,-0.699873,0.714215,-0.000107,-0.001115,-0.001870
-0.005547,-0.006671,-0.699855,0.714232,-0.000054,-0.001197,-0.001882
-0.006334,-0.005852,-0.699816,0.714271,-0.000025,-0.001213,-0.001978
-0.006490,-0.005798,-0.699832,0.714255,0.000001,-0.001232,-0.002068
-0.006465,-0.005712,-0.699840,0.714248,0.000100,-0.001144,-0.001894
-0.006407,-0.005800,-0.699839,0.714248,0.000133,-0.001111,-0.001867
-0.006269,-0.005913,-0.699811,0.714276,0.000078,-0.001089,-0.001886
-0.006197,-0.005979,-0.699812,0.714276,0.000058,-0.001051,-0.001943
-0.006106,-0.006065,-0.699855,0.714233,-0.000031,-0.001066,-0.001916
-0.006104,-0.006085,-0.699829,0.714259,-0.000113,-0.001128,-0.001831
-0.006077,-0.006170,-0.699862,0.714226,-0.000111,-0.001159,-0.001823
-0.006122,-0.006149,-0.699904,0.714184,-0.000073,-0.001135,-0.001889
-0.006066,-0.006168,-0.699931,0.714158,-0.000121,-0.001204,-0.001937
-0.005849,-0.006419,-0.699929,0.714159,-0.000150,-0.001126,-0.001872
-0.005845,-0.006437,-0.699876,0.714211,-0.000140,-0.001160,-0.001796
-0.005789,-0.006420,-0.699938,0.714151,-0.000125,-0.001226,-0.001719
-0.005703,-0.006489,-0.699916,0.714173,-0.000081,-0.001288,-0.001652
-0.005633,-0.006558,-0.699912,0.714177,-0.000127,-0.001318,-0.001692
-0.005543,-0.006636,-0.699925,0.714164,-0.000229,-0.001316,-0.001750
-0.005385,-0.006911,-0.699935,0.714152,-0.000294,-0.001344,-0.001749
-0.005260,-0.007028,-0.699933,0.714154,-0.000270,-0.001411,-0.001748
-0.005196,-0.007165,-0.699930,0.714157,-0.000250,-0.001364,-0.001759
-0.004593,-0.007792,-0.699947,0.714137,-0.000372,-0.001511,-0.001906
-0.004640,-0.007704,-0.699931,0.714154,-0.000326,-0.001450,-0.001810
-0.004625,-0.007670,-0.699952,0.714134,-0.000274,-0.001497,-0.001815
-0.004609,-0.007700,-0.699898,0.714186,-0.000219,-0.001530,-0.001841
-0.004684,-0.007553,-0.699892,0.714194,-0.000225,-0.001565,-0.001800
-0.005033,-0.007187,-0.699899,0.714188,-0.000180,-0.001650,-0.001766
-0.005285,-0.006861,-0.699880,0.714208,-0.000090,-0.001827,-0.001776
-0.005495,-0.006573,-0.699871,0.714218,-0.000117,-0.001944,-0.001764
-0.005728,-0.006375,-0.699906,0.714183,-0.000074,-0.002133,-0.001623
-0.005921,-0.006168,-0.699850,0.714238,0.000065,-0.001879,-0.001589
-0.005885,-0.006249,-0.699848,0.714240,0.000070,-0.001762,-0.001567
-0.005927,-0.006243,-0.699787,0.714300,0.000146,-0.001786,-0.001513
-0.005983,-0.006203,-0.699796,0.714291,0.000126,-0.001813,-0.001552
-0.005819,-0.006394,-0.699798,0.714288,0.000153,-0.001855,-0.001563
-0.005589,-0.006607,-0.699791,0.714295,0.000125,-0.001908,-0.001603
-0.005533,-0.006630,-0.699806,0.714281,0.000082,-0.002008,-0.001635
-0.005429,-0.006713,-0.699821,0.714266,0.000055,-0.002069,-0.001573
-0.005507,-0.006688,-0.699795,0.714291,0.000117,-0.002075,-0.001521
-0.005446,-0.006768,-0.699759,0.714327,0.000150,-0.001951,-0.001527
-0.005318,-0.006838,-0.699796,0.714290,0.000102,-0.001988,-0.001514
-0.005207,-0.006975,-0.699782,0.714303,-0.000107,-0.002034,-0.001554
-0.005262,-0.006915,-0.699838,0.714248,-0.000137,-0.001975,-0.001603
-0.005381,-0.006829,-0.699850,0.714237,-0.000143,-0.001950,-0.001636
-0.005469,-0.006755,-0.699854,0.714233,-0.000129,-0.001926,-0.001643
-0.005521,-0.006704,-0.699879,0.714209,-0.000084,-0.001901,-0.001675
-0.005583,-0.006698,-0.699889,0.714199,-0.000053,-0.001945,-0.001718
-0.005808,-0.006477,-0.699885,0.714202,0.000064,-0.001944,-0.001826
-0.005806,-0.006422,-0.699874,0.714214,0.000207,-0.001973,-0.001884
-0.005848,-0.006271,-0.699862,0.714226,0.000225,-0.002046,-0.001784
-0.005978,-0.006061,-0.699857,0.714232,0.000111,-0.002085,-0.001613
-0.006061,-0.005975,-0.699845,0.714244,0.000074,-0.002196,-0.001565
-0.006162,-0.005874,-0.699798,0.714290,0.000018,-0.002425,-0.001505
-0.006323,-0.005857,-0.699758,0.714328,0.000125,-0.002166,-0.001600
-0.006279,-0.005858,-0.699747,0.714339,0.000178,-0.002132,-0.001632
-0.006345,-0.005811,-0.699716,0.714369,0.000176,-0.002140,-0.001667
-0.006341,-0.005827,-0.699735,0.714351,0.000140,-0.002203,-0.001660
-0.006386,-0.005780,-0.699741,0.714345,0.000141,-0.002252,-0.001587
-0.006403,-0.005845,-0.699721,0.714363,0.000153,-0.002288,-0.001570
-0.006372,-0.005802,-0.699668,0.714416,0.000138,-0.002340,-0.001548
-0.006302,-0.005912,-0.699734,0.714351,0.000022,-0.002334,-0.001548
-0.005922,-0.006341,-0.699776,0.714310,0.000033,-0.002293,-0.001726
-0.005964,-0.006308,-0.699777,0.714309,0.000044,-0.002229,-0.001702
-0.005940,-0.006302,-0.699762,0.714324,0.000039,-0.002169,-0.001692
-0.005854,-0.006374,-0.699717,0.714368,0.000043,-0.002184,-0.001655
-0.005891,-0.006344,-0.699716,0.714369,0.000043,-0.002228,-0.001611
-0.005907,-0.006329,-0.699729,0.714356,0.000017,-0.002251,-0.001601
-0.005893,-0.006327,-0.699740,0.714345,0.000043,-0.002275,-0.001590
-0.005928,-0.006304,-0.699724,0.714360,0.000031,-0.002330,-0.001562
-0.005908,-0.006306,-0.699731,0.714355,0.000019,-0.002285,-0.001576
-0.006160,-0.006066,-0.699730,0.714355,0.000062,-0.002297,-0.001544
-0.006289,-0.005960,-0.699733,0.714352,0.000088,-0.002314,-0.001522
-0.006390,-0.005845,-0.699715,0.714369,0.000135,-0.002346,-0.001500
-0.006462,-0.005727,-0.699721,0.714364,0.000152,-0.002398,-0.001521
-0.006456,-0.005755,-0.699679,0.714405,0.000104,-0.002370,-0.001529
-0.006477,-0.005801,-0.699684,0.714400,0.000108,-0.002335,-0.001484
-0.006374,-0.005880,-0.699697,0.714387,0.000106,-0.002353,-0.001417
-0.006304,-0.006003,-0.699709,0.714375,0.000106,-0.002312,-0.001380
-0.006239,-0.006069,-0.699662,0.714421,0.000122,-0.002369,-0.001382
-0.006359,-0.005939,-0.699703,0.714381,0.000108,-0.002449,-0.001385
-0.006505,-0.005848,-0.699692,0.714391,0.000091,-0.002453,-0.001419
-0.006729,-0.005631,-0.699688,0.714394,-0.000029,-0.002440,-0.001383
-0.006814,-0.005548,-0.699682,0.714400,0.000007,-0.002463,-0.001403
-0.006789,-0.005575,-0.699686,0.714396,-0.000099,-0.002464,-0.001422
-0.006832,-0.005533,-0.699735,0.714349,-0.000113,-0.002478,-0.001395
-0.006967,-0.005444,-0.699703,0.714379,-0.000059,-0.002517,-0.001323
-0.007053,-0.005331,-0.699714,0.714368,-0.000056,-0.002604,-0.001320
-0.007074,-0.005252,-0.699743,0.714340,0.000014,-0.002592,-0.001291
-0.007062,-0.005252,-0.699733,0.714351,0.000106,-0.002577,-0.001221
-0.007124,-0.005241,-0.699709,0.714373,0.000127,-0.002556,-0.001161
-0.007191,-0.005161,-0.699663,0.714418,0.000122,-0.002523,-0.001209
-0.007256,-0.005075,-0.699714,0.714368,0.000326,-0.002474,-0.001181
-0.007224,-0.005104,-0.699723,0.714359,0.000258,-0.002474,-0.001179
-0.007095,-0.005205,-0.699678,0.714404,0.000167,-0.002533,-0.001225
-0.006858,-0.005448,-0.699684,0.714399,0.000140,-0.002559,-0.001278
-0.006723,-0.005480,-0.699708,0.714376,0.000112,-0.002640,-0.001289
-0.006550,-0.005697,-0.699684,0.714400,0.000162,-0.002703,-0.001204
-0.006448,-0.005789,-0.699667,0.714417,0.000199,-0.002739,-0.001168
-0.006455,-0.005756,-0.699667,0.714417,0.000244,-0.002751,-0.001144
-0.006267,-0.005954,-0.699678,0.714406,0.000164,-0.002704,-0.001191
-0.006280,-0.005937,-0.699692,0.714392,0.000115,-0.002635,-0.001165
-0.005946,-0.006277,-0.699684,0.714401,0.000033,-0.002704,-0.001177
-0.005703,-0.006567,-0.699705,0.714379,-0.000027,-0.002698,-0.001223
-0.004932,-0.007410,-0.699736,0.714346,-0.000355,-0.002616,-0.001286
-0.004808,-0.007602,-0.699711,0.714370,-0.000436,-0.002492,-0.001330
-0.004733,-0.007472,-0.699678,0.714404,-0.000397,-0.002496,-0.001353
-0.004732,-0.007490,-0.699684,0.714398,-0.000313,-0.002620,-0.001298
-0.004729,-0.007444,-0.699729,0.714354,-0.000272,-0.002651,-0.001220
-0.004733,-0.007389,-0.699724,0.714359,-0.000272,-0.002740,-0.001150
-0.004768,-0.007343,-0.699746,0.714338,-0.000253,-0.002828,-0.001111
-0.004739,-0.007378,-0.699722,0.714361,-0.000238,-0.002957,-0.000967
-0.004746,-0.007502,-0.699719,0.714363,-0.000395,-0.002728,-0.001114
-0.004649,-0.007571,-0.699732,0.714350,-0.000412,-0.002677,-0.001141
-0.004445,-0.007737,-0.699675,0.714406,-0.000448,-0.002742,-0.001180
-0.004439,-0.007765,-0.699677,0.714403,-0.000427,-0.002814,-0.001147
-0.004423,-0.007827,-0.699685,0.714395,-0.000430,-0.002945,-0.001096
-0.004442,-0.007815,-0.699700,0.714380,-0.000455,-0.003019,-0.001052
-0.004526,-0.007742,-0.699667,0.714412,-0.000461,-0.002632,-0.001182
-0.004748,-0.007479,-0.699703,0.714379,-0.000376,-0.002708,-0.001036
-0.004847,-0.007362,-0.699697,0.714385,-0.000332,-0.002699,-0.000952
-0.004879,-0.007383,-0.699689,0.714392,-0.000311,-0.002737,-0.000947
-0.004547,-0.007698,-0.699638,0.714442,-0.000496,-0.002803,-0.000912
-0.004487,-0.007846,-0.699703,0.714377,-0.000562,-0.002801,-0.001025
-0.004662,-0.007761,-0.699671,0.714408,-0.000587,-0.002805,-0.001051
-0.004689,-0.007600,-0.699661,0.714419,-0.000459,-0.002725,-0.000990
-0.004992,-0.007313,-0.699700,0.714382,-0.000418,-0.002754,-0.001009
-0.005266,-0.007094,-0.699680,0.714402,-0.000390,-0.002789,-0.001036
-0.005451,-0.006852,-0.699661,0.714421,-0.000385,-0.002750,-0.001048
-0.005494,-0.006755,-0.699695,0.714389,-0.000462,-0.002695,-0.001121
-0.005614,-0.006683,-0.699704,0.714380,-0.000586,-0.002597,-0.001213
-0.005652,-0.006624,-0.699718,0.714366,-0.000611,-0.002661,-0.001200
-0.005611,-0.006729,-0.699735,0.714348,-0.000468,-0.002795,-0.001066
-0.005637,-0.006692,-0.699746,0.714338,-0.000431,-0.002860,-0.001060
-0.005598,-0.006702,-0.699766,0.714319,-0.000393,-0.002864,-0.001009
-0.005772,-0.006549,-0.699746,0.714338,-0.000349,-0.002846,-0.000954
-0.006022,-0.006303,-0.699741,0.714343,-0.000321,-0.002764,-0.000991
-0.006293,-0.006053,-0.699727,0.714357,-0.000225,-0.002716,-0.001023
-0.006386,-0.005940,-0.699744,0.714340,-0.000194,-0.002664,-0.001080
-0.006444,-0.005880,-0.699774,0.714311,-0.000266,-0.002685,-0.001019
-0.006560,-0.005847,-0.699757,0.714327,-0.000292,-0.002611,-0.001016
-0.006702,-0.005688,-0.699770,0.714314,-0.000258,-0.002665,-0.000965
-0.006061,-0.006378,-0.699714,0.714369,-0.000171,-0.002784,-0.000970
-0.005682,-0.006737,-0.699746,0.714338,-0.000263,-0.002788,-0.001014
-0.005399,-0.006978,-0.699737,0.714346,-0.000308,-0.002802,-0.000983
-0.005030,-0.007381,-0.699733,0.714348,-0.000391,-0.002827,-0.000961
-0.005019,-0.007396,-0.699734,0.714348,-0.000473,-0.002912,-0.000984
-0.004644,-0.007804,-0.699720,0.714359,-0.000575,-0.002959,-0.001071
-0.004756,-0.007766,-0.699707,0.714372,-0.000632,-0.002872,-0.001149
-0.004839,-0.007650,-0.699705,0.714375,-0.000583,-0.002822,-0.001184
-0.004774,-0.007714,-0.699714,0.714365,-0.000601,-0.002797,-0.001159
-0.004881,-0.007607,-0.699708,0.714371,-0.000593,-0.002770,-0.001171
-0.005099,-0.007253,-0.699750,0.714332,-0.000608,-0.002828,-0.001208
-0.005319,-0.006970,-0.699788,0.714297,-0.000648,-0.002855,-0.001278
-0.005519,-0.006765,-0.699769,0.714316,-0.000637,-0.002861,-0.001332
-0.005743,-0.006567,-0.699750,0.714334,-0.000642,-0.002918,-0.001355
-0.005747,-0.006500,-0.699774,0.714312,-0.000508,-0.002894,-0.001217
-0.005741,-0.006442,-0.699766,0.714320,-0.000467,-0.002925,-0.001138
-0.005813,-0.006396,-0.699780,0.714306,-0.000501,-0.003067,-0.001106
-0.005877,-0.006320,-0.699745,0.714340,-0.000498,-0.003185,-0.001103
-0.005943,-0.006290,-0.699746,0.714340,-0.000497,-0.003141,-0.001173
-0.005992,-0.006253,-0.699780,0.714306,-0.000537,-0.003049,-0.001251
-0.006735,-0.005490,-0.699738,0.714347,-0.000508,-0.003098,-0.001243
-0.006702,-0.005473,-0.699764,0.714322,-0.000425,-0.003004,-0.001209
-0.006658,-0.005582,-0.699767,0.714318,-0.000375,-0.002936,-0.001193
-0.006579,-0.005654,-0.699777,0.714309,-0.000359,-0.002854,-0.001192
-0.006482,-0.005722,-0.699773,0.714313,-0.000362,-0.002771,-0.001155
-0.006417,-0.005755,-0.699796,0.714291,-0.000389,-0.002817,-0.001130
-0.006320,-0.005896,-0.699788,0.714299,-0.000450,-0.003022,-0.001193
-0.006140,-0.006071,-0.699754,0.714332,-0.000475,-0.002970,-0.001196
-0.006036,-0.006116,-0.699754,0.714332,-0.000512,-0.002955,-0.001175
-0.006083,-0.006084,-0.699807,0.714280,-0.000483,-0.002875,-0.001143
-0.006124,-0.006062,-0.699810,0.714277,-0.000420,-0.002821,-0.001101
-0.006377,-0.005908,-0.699733,0.714351,-0.000308,-0.002894,-0.001115
-0.006329,-0.005943,-0.699710,0.714374,-0.000291,-0.002923,-0.001210
-0.006265,-0.006026,-0.699708,0.714375,-0.000240,-0.002944,-0.001286
-0.006149,-0.006139,-0.699696,0.714388,-0.000362,-0.002987,-0.001213
-0.006068,-0.006254,-0.699660,0.714423,-0.000396,-0.003014,-0.001205
-0.006063,-0.006239,-0.699652,0.714431,-0.000423,-0.003032,-0.001202
-0.006047,-0.006189,-0.699685,0.714399,-0.000407,-0.003018,-0.001208
-0.006031,-0.006130,-0.699700,0.714385,-0.000452,-0.002945,-0.001182
-0.005967,-0.006133,-0.699703,0.714383,-0.000456,-0.002851,-0.001100
-0.005825,-0.006394,-0.699693,0.714392,-0.000368,-0.003022,-0.001185
-0.005624,-0.006704,-0.699622,0.714460,-0.000406,-0.003097,-0.001148
-0.005580,-0.006817,-0.699657,0.714424,-0.000424,-0.003134,-0.001079
-0.005697,-0.006739,-0.699649,0.714432,-0.000499,-0.003078,-0.001102
-0.005812,-0.006532,-0.699617,0.714465,-0.000497,-0.003056,-0.001153
-0.005980,-0.006327,-0.699606,0.714475,-0.000451,-0.003043,-0.001223
-0.005966,-0.006395,-0.699625,0.714457,-0.000465,-0.002984,-0.001237
-0.003552,-0.008700,-0.699407,0.714662,0.000371,-0.003022,-0.001375
0.006445,-0.016586,-0.699754,0.714163,0.006106,-0.003241,-0.005636
0.009551,-0.020630,-0.696561,0.717137,0.007910,-0.004005,-0.026133
0.011649,-0.020892,-0.692477,0.721043,0.008031,-0.003802,-0.042187
0.010784,-0.021507,-0.689516,0.723871,0.009869,-0.003252,-0.064608
0.009102,-0.019311,-0.689122,0.724331,0.013158,-0.002835,-0.084028
0.006111,-0.016284,-0.688723,0.724815,0.017612,-0.002334,-0.110440
0.003451,-0.014700,-0.688335,0.725236,0.019087,-0.002560,-0.137178
0.000715,-0.012741,-0.688377,0.725241,0.019272,-0.002716,-0.160172
-0.000801,-0.010401,-0.687668,0.725950,0.021120,-0.000822,-0.188050
-0.000129,-0.011482,-0.687788,0.725821,0.022751,0.000032,-0.208632
0.000353,-0.012959,-0.687428,0.726136,0.023672,0.000659,-0.236284
0.000155,-0.012968,-0.687068,0.726478,0.025195,0.001612,-0.264130
0.000680,-0.013832,-0.687603,0.725955,0.029750,0.000175,-0.344542
0.001659,-0.012714,-0.687508,0.726064,0.031320,0.000189,-0.365899
0.000571,-0.012663,-0.688074,0.725530,0.032511,-0.000283,-0.395163
0.001037,-0.011854,-0.688394,0.725240,0.034474,0.000082,-0.424366
0.000820,-0.011481,-0.688879,0.724785,0.036429,-0.000130,-0.446100
0.000972,-0.010738,-0.688805,0.724866,0.038376,0.000011,-0.473975
-0.000404,-0.009567,-0.688600,0.725078,0.037995,0.000366,-0.504777
-0.000511,-0.009852,-0.688334,0.725327,0.038694,0.000567,-0.535576
-0.000719,-0.009758,-0.688055,0.725592,0.038987,0.001163,-0.566018
-0.000874,-0.009642,-0.688362,0.725303,0.040513,0.002690,-0.587626
-0.001249,-0.008878,-0.688979,0.724726,0.042269,0.003813,-0.618087
-0.000439,-0.009987,-0.689161,0.724539,0.042529,0.003729,-0.647974
-0.001263,-0.009541,-0.688930,0.724764,0.034211,0.003984,-0.676794
-0.001476,-0.010372,-0.689008,0.724678,0.028895,0.003230,-0.701148
-0.001842,-0.010743,-0.689115,0.724570,0.024596,0.002956,-0.720056
-0.004782,-0.009353,-0.688922,0.724760,0.015372,0.002377,-0.745375
-0.012007,-0.004176,-0.688751,0.724886,-0.000597,0.002577,-0.765995
-0.022964,0.004977,-0.688402,0.724949,-0.022844,0.002289,-0.775353
-0.029967,0.013181,-0.687761,0.725199,-0.037005,0.002091,-0.776124
-0.039888,0.022457,-0.686917,0.725293,-0.054416,-0.000331,-0.778179
-0.054814,0.039536,-0.686728,0.723765,-0.065087,-0.003792,-0.798031
-0.067904,0.051716,-0.687649,0.721008,-0.081293,-0.004576,-0.846413
-0.083160,0.065651,-0.685485,0.720336,-0.128287,-0.005906,-0.886379
-0.083038,0.068597,-0.684741,0.720783,-0.203580,-0.009080,-0.928091
-0.082827,0.067016,-0.685295,0.720430,-0.279585,-0.012054,-0.955364
-0.083883,0.068406,-0.686882,0.718663,-0.351959,-0.014955,-0.968075
-0.080780,0.070597,-0.687516,0.718200,-0.420651,-0.017571,-0.979407
-0.080735,0.074313,-0.686336,0.718959,-0.473759,-0.019717,-1.001353
-0.086135,0.073281,-0.687432,0.717390,-0.542038,-0.023923,-1.057456
-0.086136,0.075743,-0.688019,0.716570,-0.614152,-0.026272,-1.105943
-0.085539,0.077832,-0.688097,0.716343,-0.688176,-0.026602,-1.147500
-0.089194,0.077821,-0.688379,0.715628,-0.763671,-0.027937,-1.190288
-0.094001,0.075567,-0.689022,0.714635,-0.822042,-0.029934,-1.213810
-0.092279,0.075824,-0.688882,0.714967,-0.896313,-0.031707,-1.225442
-0.087450,0.081143,-0.687973,0.715864,-0.963658,-0.032407,-1.210230
-0.091534,0.081017,-0.686066,0.717197,-1.020228,-0.037021,-1.210409
-0.095009,0.090921,-0.682968,0.718514,-1.090698,-0.037550,-1.215306
-0.098206,0.091819,-0.684437,0.716569,-1.135007,-0.039977,-1.242257
-0.106018,0.087009,-0.684030,0.716444,-1.205658,-0.045183,-1.278694
-0.099455,0.085050,-0.684916,0.716775,-1.273025,-0.045332,-1.288890
-0.100241,0.087429,-0.687695,0.713711,-1.459078,-0.049724,-1.297489
-0.102417,0.086226,-0.688503,0.712769,-1.522719,-0.052139,-1.305142
-0.101456,0.087868,-0.688287,0.712914,-1.571282,-0.052743,-1.307688
-0.100390,0.082969,-0.688537,0.713410,-1.638025,-0.055299,-1.305219
-0.096783,0.087933,-0.688137,0.713700,-1.684617,-0.054887,-1.288026
-0.101387,0.086835,-0.688971,0.712390,-1.744673,-0.057327,-1.275152
-0.102611,0.087502,-0.690261,0.710882,-1.801415,-0.057883,-1.262647
-0.100817,0.089502,-0.690621,0.710541,-1.844364,-0.057403,-1.255334
-0.105195,0.090388,-0.690077,0.710322,-1.903950,-0.059306,-1.269067
-0.103385,0.093202,-0.690115,0.710187,-1.972456,-0.059854,-1.284693
-0.105276,0.093051,-0.691519,0.708561,-2.023935,-0.061290,-1.298108
-0.131908,0.120844,-0.688344,0.702979,-2.100710,-0.061350,-1.309541
-0.157887,0.147386,-0.682648,0.698098,-2.164083,-0.062207,-1.315152
-0.192375,0.182448,-0.671215,0.692225,-2.249562,-0.063898,-1.316550
-0.225824,0.217818,-0.660158,0.682459,-2.332541,-0.065835,-1.306074
-0.233445,0.225497,-0.656252,0.681166,-2.385015,-0.069530,-1.296893
-0.234617,0.225654,-0.654321,0.682568,-2.453480,-0.073808,-1.288352
-0.236726,0.227455,-0.652374,0.683105,-2.525288,-0.075902,-1.281004
-0.236187,0.231448,-0.651837,0.682464,-2.576775,-0.075544,-1.281725
-0.241802,0.225029,-0.652507,0.682003,-2.640958,-0.076635,-1.292826
-0.148115,0.139341,-0.677927,0.706443,-2.804875,-0.068044,-1.316249
-0.123343,0.119518,-0.682285,0.710626,-2.822454,-0.065898,-1.347518
-0.116269,0.107440,-0.685902,0.710265,-2.834200,-0.065739,-1.388355
-0.111556,0.106966,-0.686238,0.710767,-2.862919,-0.064166,-1.438669
-0.113172,0.106665,-0.686494,0.710311,-2.889492,-0.063429,-1.489866
-0.114133,0.106503,-0.686910,0.709778,-2.911146,-0.063980,-1.528058
-0.111571,0.101982,-0.687173,0.710595,-2.942780,-0.066066,-1.583115
-0.099986,0.094107,-0.688790,0.711839,-2.965714,-0.066129,-1.624141
-0.087469,0.081413,-0.690719,0.713182,-2.994414,-0.066585,-1.681567
-0.071391,0.069471,-0.693343,0.713690,-3.027211,-0.066528,-1.744084
-0.059807,0.060414,-0.695334,0.713641,-3.046432,-0.065721,-1.789676
-0.043836,0.044578,-0.696041,0.715275,-3.071423,-0.065372,-1.851523
-0.028751,0.027504,-0.696816,0.716145,-3.090709,-0.062880,-1.915781
-0.018817,0.013610,-0.697446,0.716260,-3.104164,-0.061317,-1.967991
-0.005248,-0.004139,-0.697462,0.716591,-3.122772,-0.061303,-2.032991
0.003976,-0.015237,-0.697635,0.716280,-3.133676,-0.061910,-2.079118
0.013959,-0.025084,-0.697450,0.716058,-3.149817,-0.062167,-2.140826
0.015033,-0.022272,-0.697002,0.716566,-3.163747,-0.060563,-2.183947
0.013357,-0.022170,-0.697304,0.716308,-3.180961,-0.059945,-2.243108
0.012507,-0.020707,-0.697223,0.716446,-3.197162,-0.057735,-2.304199
0.017113,-0.021974,-0.696926,0.716602,-3.262311,-0.052054,-2.556132
0.016574,-0.022951,-0.697234,0.716285,-3.274626,-0.051563,-2.604170
0.014156,-0.024279,-0.697398,0.716133,-3.291690,-0.052200,-2.667845
0.013735,-0.026257,-0.696925,0.716532,-3.303226,-0.053006,-2.715349
0.017250,-0.028582,-0.696333,0.716942,-3.311671,-0.053102,-2.773033
0.019471,-0.031145,-0.697501,0.715642,-3.305085,-0.052006,-2.834644
0.020682,-0.030987,-0.696790,0.716307,-3.303524,-0.050819,-2.883611
0.020397,-0.030413,-0.696844,0.716287,-3.299594,-0.050894,-2.948449
0.019474,-0.029657,-0.697218,0.715980,-3.297451,-0.050230,-2.999335
0.020059,-0.026932,-0.697010,0.716274,-3.293301,-0.048020,-3.063710
0.018392,-0.026126,-0.697095,0.716267,-3.290611,-0.047300,-3.111249
0.018380,-0.024047,-0.696915,0.716515,-3.287946,-0.045668,-3.171146
0.016879,-0.023742,-0.696718,0.716753,-3.286881,-0.045052,-3.218042
0.016935,-0.022229,-0.696826,0.716695,-3.286287,-0.044401,-3.274723
0.015742,-0.021132,-0.697143,0.716448,-3.286833,-0.044130,-3.333807
0.015461,-0.021008,-0.697016,0.716581,-3.289590,-0.044200,-3.379713
0.013329,-0.024618,-0.697304,0.716229,-3.290612,-0.046241,-3.443289
0.012239,-0.026858,-0.697236,0.716233,-3.291833,-0.047400,-3.491494
0.010975,-0.028253,-0.697905,0.715548,-3.293771,-0.048918,-3.555509
0.010879,-0.027131,-0.698092,0.715411,-3.295587,-0.049600,-3.603136
0.007522,-0.021686,-0.698063,0.715669,-3.309554,-0.048506,-3.941896
0.007916,-0.019818,-0.697504,0.716263,-3.313758,-0.047767,-3.999763
0.008154,-0.018475,-0.697139,0.716652,-3.316478,-0.047526,-4.044969
0.009185,-0.014978,-0.696945,0.716909,-3.319484,-0.047273,-4.101989
0.009078,-0.012187,-0.697455,0.716468,-3.323684,-0.045408,-4.159544
0.009848,-0.010790,-0.696930,0.716991,-3.326591,-0.044593,-4.204335
0.009496,-0.010869,-0.696751,0.717168,-3.329634,-0.044441,-4.262189
0.009102,-0.011390,-0.696076,0.717820,-3.332137,-0.044150,-4.321892
0.007102,-0.012528,-0.696011,0.717887,-3.332156,-0.044492,-4.366745
0.005735,-0.011848,-0.696538,0.717399,-3.333001,-0.042944,-4.426032
0.004034,-0.010921,-0.696589,0.717376,-3.334635,-0.042330,-4.468133
0.003395,-0.009611,-0.696456,0.717527,-3.335282,-0.040698,-4.524804
0.001456,-0.008617,-0.696284,0.717714,-3.335553,-0.039227,-4.583179
0.000281,-0.008176,-0.696195,0.717806,-3.335202,-0.039427,-4.626895
-0.002275,-0.009182,-0.696088,0.717894,-3.335244,-0.039466,-4.686890
-0.004281,-0.009473,-0.697174,0.716827,-3.334870,-0.039742,-4.731704
-0.006332,-0.009789,-0.696484,0.717478,-3.335894,-0.041335,-4.793587
-0.007274,-0.010185,-0.695277,0.718633,-3.336734,-0.042615,-4.855267
-0.008129,-0.010020,-0.695348,0.718557,-3.337344,-0.042810,-4.900348
-0.009972,-0.011499,-0.696019,0.717862,-3.334951,-0.044533,-4.962316
-0.012301,-0.002380,-0.695654,0.718267,-3.341019,-0.046329,-5.211472
-0.012449,-0.001992,-0.695624,0.718295,-3.342826,-0.046203,-5.254040
-0.013835,-0.003294,-0.695465,0.718419,-3.341928,-0.047078,-5.313499
-0.014427,-0.002459,-0.694918,0.718940,-3.343124,-0.046839,-5.373404
-0.014520,-0.002713,-0.694860,0.718993,-3.342932,-0.047030,-5.416207
-0.013342,-0.001393,-0.694418,0.719446,-3.344655,-0.046498,-5.474149
-0.014181,-0.000950,-0.694800,0.719063,-3.343599,-0.045608,-5.516292
-0.015384,0.000545,-0.694506,0.719322,-3.345342,-0.044589,-5.575995
-0.017150,0.003399,-0.694467,0.719312,-3.346453,-0.046615,-5.634533
-0.017431,0.007013,-0.694423,0.719321,-3.348138,-0.046497,-5.676560
-0.018227,0.008484,-0.694381,0.719326,-3.350024,-0.046792,-5.733544
-0.017671,0.010322,-0.694235,0.719458,-3.352305,-0.045894,-5.777562
-0.020286,0.009033,-0.695587,0.718099,-3.352711,-0.046921,-5.838220
-0.021753,0.009659,-0.695528,0.718104,-3.354390,-0.047342,-5.881999
-0.025700,0.011343,-0.695991,0.717501,-3.358272,-0.046658,-5.939840
-0.027748,0.014403,-0.696484,0.716891,-3.361131,-0.046785,-5.996849
-0.030699,0.015743,-0.697532,0.715722,-3.362256,-0.046199,-6.040638
-0.032588,0.016281,-0.697937,0.715232,-3.366014,-0.047142,-6.100582
-0.034496,0.016651,-0.697615,0.715448,-3.370445,-0.046964,-6.147528
-0.035086,0.018313,-0.697377,0.715611,-3.376219,-0.047261,-6.206475
-0.039304,0.021342,-0.697606,0.715085,-3.362118,-0.048005,-6.518838
-0.040051,0.022740,-0.697200,0.715396,-3.351274,-0.047888,-6.581574
-0.044689,0.027948,-0.697617,0.714530,-3.348231,-0.048049,-6.644174
-0.045257,0.029157,-0.697458,0.714601,-3.359170,-0.048719,-6.707914
-0.047245,0.029252,-0.697750,0.714183,-3.364248,-0.049276,-6.755274
-0.045974,0.030744,-0.697095,0.714843,-3.373234,-0.049607,-6.816199
-0.046471,0.032923,-0.697449,0.714368,-3.381280,-0.050215,-6.876722
-0.044693,0.030517,-0.697834,0.714212,-3.385689,-0.049652,-6.943024
-0.041134,0.028515,-0.697473,0.714861,-3.389865,-0.049900,-6.989988
-0.038803,0.024807,-0.697709,0.714899,-3.394160,-0.050285,-7.051475
-0.035508,0.022733,-0.697270,0.715567,-3.397927,-0.049845,-7.114202
-0.032819,0.019625,-0.697331,0.715728,-3.399577,-0.049076,-7.168932
-0.029910,0.016427,-0.697360,0.715908,-3.402240,-0.048502,-7.228440
-0.027971,0.014644,-0.697330,0.716055,-3.404255,-0.048431,-7.273525
-0.024811,0.012061,-0.697409,0.716142,-3.408120,-0.049361,-7.332278
-0.021346,0.010470,-0.696746,0.716924,-3.410881,-0.048896,-7.390964
-0.018330,0.007489,-0.696703,0.717086,-3.413743,-0.048386,-7.450100
-0.016624,0.004900,-0.696868,0.716990,-3.414310,-0.047786,-7.496590
-0.013713,0.002167,-0.696821,0.717110,-3.414678,-0.048619,-7.556243
-0.010808,-0.002082,-0.696337,0.717631,-3.414716,-0.049645,-7.615398
0.008323,-0.016894,-0.695649,0.718134,-3.388805,-0.048122,-7.955896
0.009988,-0.020808,-0.695930,0.717738,-3.381331,-0.047845,-8.015715
0.012297,-0.023983,-0.695238,0.718274,-3.375578,-0.047633,-8.075016
0.012693,-0.024918,-0.695493,0.717989,-3.372413,-0.047780,-8.119632
0.010746,-0.024086,-0.695772,0.717778,-3.370808,-0.048551,-8.179826
0.009536,-0.023791,-0.695920,0.717662,-3.369124,-0.048327,-8.223842
0.010317,-0.021846,-0.695325,0.718289,-3.365988,-0.048258,-8.281947
0.010755,-0.018975,-0.694903,0.718773,-3.364389,-0.047720,-8.338638
0.010501,-0.018026,-0.694796,0.718904,-3.362513,-0.046824,-8.382185
0.010916,-0.015218,-0.694627,0.719126,-3.361275,-0.045425,-8.441843
0.008996,-0.015863,-0.694651,0.719116,-3.358944,-0.044599,-8.487020
0.008700,-0.014946,-0.694166,0.719607,-3.357790,-0.043977,-8.544842
0.006577,-0.015925,-0.693435,0.720313,-3.357279,-0.044012,-8.603320
0.005611,-0.015681,-0.693611,0.720158,-3.355558,-0.044306,-8.647108
0.002245,-0.014948,-0.694010,0.719807,-3.354506,-0.046146,-8.706847
-0.001500,-0.015740,-0.694083,0.719721,-3.353657,-0.046680,-8.753497
-0.002967,-0.011575,-0.693778,0.720090,-3.354690,-0.045614,-8.812844
-0.002943,-0.008967,-0.694125,0.719793,-3.353875,-0.047187,-8.866234
-0.004319,-0.007145,-0.695035,0.718927,-3.352948,-0.046728,-8.909236
-0.007815,-0.006894,-0.696081,0.717887,-3.352810,-0.046164,-8.969613
-0.013980,-0.007041,-0.698036,0.715891,-3.354896,-0.045216,-9.229311
-0.011241,-0.009470,-0.698471,0.715487,-3.350464,-0.043965,-9.283751
-0.007936,-0.009527,-0.698428,0.715573,-3.348187,-0.044576,-9.322148
-0.002638,-0.008964,-0.698529,0.715521,-3.347371,-0.043756,-9.375360
0.000465,-0.009592,-0.698309,0.715732,-3.346743,-0.044630,-9.415193
0.002526,-0.012327,-0.699118,0.714895,-3.344520,-0.044727,-9.472753
0.002702,-0.015984,-0.699728,0.714226,-3.341444,-0.043947,-9.529389
0.002585,-0.019604,-0.699855,0.714011,-3.337835,-0.043548,-9.586270
0.003731,-0.021823,-0.699467,0.714322,-3.334127,-0.042396,-9.627403
0.006953,-0.024192,-0.699342,0.714344,-3.329654,-0.041548,-9.680832
0.009829,-0.025878,-0.698969,0.714616,-3.325578,-0.040969,-9.737495
0.010708,-0.027867,-0.698854,0.714641,-3.321906,-0.041575,-9.780704
0.011720,-0.031991,-0.698220,0.715072,-3.317944,-0.043553,-9.840159
0.011068,-0.035478,-0.698340,0.714800,-3.313286,-0.044994,-9.902828
0.011169,-0.037486,-0.698797,0.714250,-3.307947,-0.045726,-9.960951
0.011951,-0.037944,-0.699889,0.713143,-3.302524,-0.045513,-10.004316
0.015608,-0.036230,-0.699178,0.713859,-3.297818,-0.044612,-10.058551
0.018462,-0.036107,-0.699708,0.713277,-3.291529,-0.044014,-10.112368
0.021984,-0.034613,-0.700038,0.712927,-3.286371,-0.043745,-10.168171
0.022440,-0.034152,-0.698889,0.714062,-3.282854,-0.042821,-10.224754
0.014651,-0.027288,-0.695541,0.717819,-3.260288,-0.045057,-10.546919
0.013869,-0.026796,-0.695287,0.718099,-3.256814,-0.045058,-10.606870
0.013779,-0.026597,-0.695616,0.717789,-3.253858,-0.045362,-10.651848
0.012651,-0.027815,-0.696023,0.717369,-3.249246,-0.046465,-10.710913
0.012785,-0.027500,-0.696481,0.716934,-3.242739,-0.045911,-10.768851
0.012341,-0.026912,-0.696540,0.716907,-3.239599,-0.045693,-10.811573
0.010996,-0.025780,-0.697074,0.716451,-3.234705,-0.045641,-10.865278
0.010418,-0.025587,-0.696807,0.716726,-3.232758,-0.045439,-10.910931
0.009060,-0.024896,-0.696695,0.716878,-3.231151,-0.045432,-10.966126
0.008710,-0.022510,-0.697220,0.716451,-3.226339,-0.045166,-11.020335
0.008185,-0.021648,-0.696993,0.716704,-3.225177,-0.045579,-11.059924
0.006427,-0.020462,-0.697117,0.716637,-3.223595,-0.045195,-11.114718
0.005675,-0.020084,-0.697310,0.716466,-3.222606,-0.044766,-11.156849
0.004954,-0.019024,-0.697434,0.716379,-3.221326,-0.044369,-11.212486
0.004675,-0.018082,-0.697364,0.716474,-3.221079,-0.044144,-11.252798
0.005130,-0.016654,-0.697439,0.716432,-3.220457,-0.043439,-11.304933
0.004218,-0.015031,-0.697327,0.716584,-3.217393,-0.042761,-11.361811
0.004541,-0.014395,-0.697406,0.716517,-3.216243,-0.043979,-11.417479
0.003187,-0.014666,-0.696942,0.716970,-3.215633,-0.045717,-11.473969
0.001172,-0.015002,-0.696645,0.717258,-3.215591,-0.046506,-11.516857
-0.002099,-0.011702,-0.697578,0.716410,-3.207349,-0.044965,-11.817269
-0.002717,-0.010879,-0.697606,0.716394,-3.207436,-0.044844,-11.858005
-0.004247,-0.009175,-0.697599,0.716417,-3.207991,-0.044813,-11.911556
-0.004552,-0.007812,-0.697996,0.716045,-3.208010,-0.046144,-11.950465
-0.004927,-0.005906,-0.697861,0.716192,-3.210207,-0.046642,-12.003907
-0.005226,-0.005466,-0.697226,0.716812,-3.208555,-0.045899,-12.054879
-0.004880,-0.004958,-0.697764,0.716294,-3.206733,-0.044130,-12.093140
-0.005010,-0.003944,-0.697738,0.716325,-3.207573,-0.041190,-12.148399
-0.005246,-0.003302,-0.697758,0.716307,-3.207314,-0.040445,-12.188158
-0.005868,-0.002859,-0.697117,0.716928,-3.208352,-0.039769,-12.241519
-0.007522,-0.003085,-0.697120,0.716908,-3.208401,-0.040075,-12.282514
-0.008034,-0.002546,-0.697531,0.716505,-3.208190,-0.040184,-12.335046
-0.008792,-0.002848,-0.697193,0.716824,-3.208899,-0.039950,-12.375773
-0.009987,-0.002998,-0.697163,0.716837,-3.208730,-0.039652,-12.430887
-0.011402,-0.003797,-0.696880,0.717087,-3.208511,-0.039722,-12.483567
-0.014399,-0.001414,-0.697418,0.716519,-3.206283,-0.039103,-12.537044
-0.014254,0.002047,-0.696290,0.717616,-3.205269,-0.037759,-12.576406
-0.014282,0.004740,-0.696104,0.717783,-3.202646,-0.036919,-12.628504
-0.014342,0.006541,-0.695651,0.718207,-3.200310,-0.038500,-12.687571
-0.016099,0.006638,-0.695851,0.717975,-3.198551,-0.038915,-12.746161
-0.028575,0.014280,-0.697218,0.716147,-3.223401,-0.040354,-13.270982
-0.028265,0.015206,-0.697507,0.715858,-3.226292,-0.039956,-13.323950
-0.025978,0.016420,-0.697360,0.716062,-3.230377,-0.038712,-13.378221
-0.026071,0.016146,-0.697450,0.715977,-3.232420,-0.038171,-13.418606
-0.027315,0.017319,-0.697637,0.715721,-3.234876,-0.037013,-13.473447
-0.028780,0.017872,-0.697474,0.715809,-3.237152,-0.036667,-13.514852
-0.029948,0.019789,-0.697158,0.716019,-3.240645,-0.036455,-13.569978
-0.031295,0.021400,-0.696551,0.716505,-3.245728,-0.037494,-13.626292
-0.031567,0.022440,-0.696770,0.716248,-3.250009,-0.036771,-13.683918
-0.032379,0.022790,-0.696735,0.716234,-3.253817,-0.035948,-13.726640
-0.032536,0.023560,-0.695991,0.716926,-3.258015,-0.034874,-13.781398
-0.033678,0.023496,-0.696630,0.716254,-3.260643,-0.034488,-13.839900
-0.034343,0.021814,-0.696353,0.716545,-3.262855,-0.033810,-13.884027
-0.036303,0.018907,-0.695593,0.717269,-3.265637,-0.034375,-13.943572
-0.038137,0.017213,-0.695625,0.717185,-3.268561,-0.034734,-14.001891
-0.038268,0.015460,-0.696179,0.716681,-3.270241,-0.035012,-14.059880
-0.037723,0.015239,-0.696779,0.716132,-3.273806,-0.034954,-14.104981
-0.035992,0.016315,-0.696557,0.716412,-3.278095,-0.036228,-14.163446
-0.034797,0.016433,-0.696863,0.716171,-3.282848,-0.036481,-14.220962
-0.034431,0.016515,-0.696543,0.716498,-3.286317,-0.036619,-14.263338
-0.010677,0.001836,-0.697975,0.716040,-3.298041,-0.037735,-14.633278
-0.005511,-0.002655,-0.698007,0.716065,-3.300085,-0.040083,-14.691537
-0.001214,-0.006042,-0.697454,0.716603,-3.297834,-0.039257,-14.733927
0.004750,-0.010967,-0.697262,0.716717,-3.294785,-0.037377,-14.791283
0.008091,-0.015764,-0.697446,0.716419,-3.291831,-0.036616,-14.835125
0.011139,-0.022101,-0.697648,0.716013,-3.287911,-0.036346,-14.893000
0.015374,-0.028798,-0.697473,0.715867,-3.280288,-0.036572,-14.948933
0.019478,-0.034198,-0.696324,0.716648,-3.277291,-0.036822,-14.990767
0.023812,-0.041756,-0.696145,0.716290,-3.270371,-0.037018,-15.048082
0.029399,-0.049435,-0.695293,0.716421,-3.264389,-0.037315,-15.103872
0.033819,-0.054955,-0.694997,0.716112,-3.258138,-0.038295,-15.145293
0.041718,-0.060305,-0.694397,0.715846,-3.248021,-0.037627,-15.199182
0.049190,-0.063231,-0.693273,0.716209,-3.241187,-0.036610,-15.238017
0.057352,-0.070410,-0.692615,0.715568,-3.232321,-0.035504,-15.294989
0.065030,-0.078273,-0.692599,0.714109,-3.220514,-0.035650,-15.351129
0.070417,-0.085918,-0.692513,0.712801,-3.208369,-0.034541,-15.392413
0.081037,-0.097748,-0.691280,0.711344,-3.192914,-0.032850,-15.443453
0.094382,-0.107818,-0.689412,0.710055,-3.176841,-0.031380,-15.491369
0.104279,-0.114825,-0.688430,0.708523,-3.162621,-0.030229,-15.527455
0.117983,-0.125866,-0.686807,0.706069,-3.139620,-0.028845,-15.576072
0.313083,-0.319262,-0.625263,0.639607,-2.675923,-0.012548,-15.988134
0.329605,-0.338984,-0.616045,0.630030,-2.627178,-0.012329,-16.005762
0.342088,-0.353242,-0.609206,0.622144,-2.588995,-0.011549,-16.019115
0.357680,-0.371249,-0.600676,0.611086,-2.538163,-0.010113,-16.030874
0.374849,-0.388258,-0.590179,0.600361,-2.485722,-0.007890,-16.038511
0.387821,-0.400465,-0.581017,0.592993,-2.449171,-0.005511,-16.043306
0.404889,-0.416763,-0.570647,0.580288,-2.396097,-0.002752,-16.045277
0.421328,-0.433166,-0.558845,0.567928,-2.347037,0.000403,-16.044903
0.435869,-0.450799,-0.547494,0.554120,-2.287603,0.003579,-16.051483
0.449439,-0.466554,-0.537380,0.539958,-2.232183,0.002446,-16.059027
0.464447,-0.480679,-0.525919,0.525972,-2.179631,0.004700,-16.062908
0.477206,-0.495213,-0.513567,0.513115,-2.123681,0.008088,-16.065701
0.486709,-0.505601,-0.504681,0.502772,-2.084237,0.008219,-16.062792
-0.493760,0.512736,0.498087,-0.495189,-2.033617,0.009423,-16.059605
-0.494509,0.513901,0.496159,-0.495169,-1.978935,0.011002,-16.060816
-0.494631,0.513087,0.497385,-0.494662,-1.923984,0.011471,-16.060854
-0.495070,0.511629,0.496428,-0.496689,-1.871526,0.013238,-16.059465
-0.495658,0.510281,0.494953,-0.498957,-1.823984,0.015448,-16.057993
0.495386,-0.508953,-0.495425,0.500113,-1.778606,0.015560,-16.057268
0.494689,-0.508292,-0.494975,0.501918,-1.730070,0.016287,-16.056330
0.490286,-0.503566,-0.498417,0.507565,-1.313852,0.023442,-16.046318
0.491586,-0.502212,-0.496599,0.509427,-1.278000,0.024994,-16.047028
0.491999,-0.501147,-0.496124,0.510539,-1.219053,0.027986,-16.044067
0.491155,-0.502078,-0.499069,0.507557,-1.163523,0.027518,-16.042143
0.488909,-0.504346,-0.501306,0.505267,-1.119220,0.027346,-16.042105
0.486922,-0.506426,-0.503178,0.503241,-1.059940,0.026565,-16.042511
0.486295,-0.505906,-0.504216,0.503332,-1.018871,0.026485,-16.043749
0.486132,-0.504106,-0.503826,0.505681,-0.968906,0.027197,-16.044172
0.486700,-0.501806,-0.504330,0.506917,-0.918232,0.027159,-16.043079
0.486357,-0.501240,-0.505200,0.506940,-0.877585,0.028599,-16.045053
0.487269,-0.502460,-0.502995,0.507049,-0.820852,0.029678,-16.047520
0.487064,-0.504932,-0.503246,0.504535,-0.763074,0.029466,-16.047169
0.488418,-0.504422,-0.502395,0.504584,-0.722060,0.030944,-16.045893
0.488855,-0.505439,-0.501506,0.504028,-0.670055,0.031755,-16.044233
0.490023,-0.507058,-0.499670,0.503090,-0.615249,0.032303,-16.044813
0.492696,-0.508403,-0.495650,0.503098,-0.577334,0.033899,-16.045244
0.494855,-0.512078,-0.491961,0.500868,-0.524892,0.035471,-16.045889
-0.497106,0.514397,0.488672,-0.499480,-0.485698,0.035625,-16.045326
-0.498801,0.517738,0.485934,-0.497003,-0.432336,0.035200,-16.043489
-0.499190,0.522054,0.484902,-0.493091,-0.376496,0.034786,-16.040146
-0.507875,0.527742,0.475846,-0.486952,-0.234977,0.036389,-16.025589
-0.509117,0.527556,0.474926,-0.486755,-0.198237,0.037023,-16.021345
-0.510915,0.525906,0.474177,-0.487386,-0.146650,0.039263,-16.016701
-0.511327,0.525926,0.473480,-0.487610,-0.095196,0.040200,-16.012171
-0.511462,0.526821,0.473298,-0.486677,-0.055658,0.039748,-16.009258
-0.508907,0.530399,0.475557,-0.483256,0.000575,0.036313,-16.001699
-0.505498,0.532889,0.480144,-0.479544,0.045747,0.033729,-15.995863
-0.501887,0.535392,0.484343,-0.476316,0.103213,0.032671,-15.991690
-0.500636,0.535839,0.485341,-0.476113,0.156489,0.032273,-15.985585
-0.503296,0.532721,0.482367,-0.479817,0.194303,0.032673,-15.982842
-0.506294,0.529980,0.479376,-0.482686,0.243947,0.034029,-15.978333
-0.509113,0.527474,0.476478,-0.485328,0.294728,0.035978,-15.972260
-0.509854,0.526413,0.475912,-0.486257,0.334510,0.037263,-15.968507
-0.510351,0.525203,0.476265,-0.486698,0.391062,0.040216,-15.963351
-0.510295,0.525564,0.476554,-0.486084,0.441342,0.038394,-15.956903
-0.509780,0.525726,0.478652,-0.484385,0.497284,0.036567,-15.951714
-0.509788,0.526212,0.478992,-0.483513,0.550815,0.035734,-15.946167
-0.510148,0.526661,0.478473,-0.483157,0.590727,0.036272,-15.941998
-0.510078,0.527690,0.478000,-0.482576,0.643614,0.037190,-15.936631
-0.510194,0.529049,0.477905,-0.481057,0.699056,0.037813,-15.929892
-0.511684,0.529669,0.476719,-0.479967,0.885243,0.040348,-15.904971
-0.512234,0.529023,0.477158,-0.479658,0.925374,0.039869,-15.898540
-0.513461,0.528422,0.475788,-0.480368,0.976571,0.040928,-15.891528
-0.515308,0.526897,0.474457,-0.481380,1.015562,0.041516,-15.884833
-0.517325,0.525396,0.472740,-0.482547,1.068244,0.041003,-15.879507
-0.517340,0.525852,0.471618,-0.483131,1.120981,0.041222,-15.880415
-0.516646,0.527000,0.471712,-0.482532,1.160581,0.041399,-15.885839
-0.516244,0.528681,0.472635,-0.480213,1.216913,0.042714,-15.892458
-0.516391,0.529261,0.472967,-0.479088,1.260947,0.043320,-15.897766
-0.515889,0.531076,0.473773,-0.476819,1.319057,0.042576,-15.903017
-0.515092,0.532823,0.473189,-0.476311,1.362505,0.042303,-15.907889
-0.515343,0.532758,0.473100,-0.476201,1.418889,0.042750,-15.913725
-0.514688,0.533267,0.474264,-0.475179,1.475022,0.042561,-15.918123
-0.514118,0.533518,0.474688,-0.475092,1.518120,0.042733,-15.921902
-0.513561,0.533205,0.474403,-0.476329,1.571890,0.043405,-15.928080
-0.513917,0.533034,0.473004,-0.477527,1.612469,0.043783,-15.933139
-0.513654,0.532968,0.471778,-0.479093,1.667341,0.044561,-15.940264
-0.511938,0.533247,0.473245,-0.479173,1.710585,0.043910,-15.944943
-0.510237,0.534373,0.474715,-0.478278,1.768747,0.042771,-15.950682
-0.509434,0.534369,0.474776,-0.479077,1.825958,0.042180,-15.958004
0.479393,-0.499789,-0.505851,0.514303,2.084764,0.044685,-16.013899
0.479599,-0.499277,-0.506217,0.514248,2.127328,0.044744,-16.016066
0.479518,-0.498189,-0.506611,0.514991,2.182973,0.045606,-16.016884
0.479465,-0.497118,-0.506324,0.516355,2.225326,0.046747,-16.020073
0.480255,-0.495795,-0.505729,0.517475,2.280135,0.048033,-16.024891
0.481243,-0.497117,-0.504085,0.516892,2.333816,0.049383,-16.029194
0.481307,-0.498542,-0.503509,0.516022,2.377019,0.050838,-16.032358
0.479602,-0.498678,-0.505149,0.515874,2.435421,0.049654,-16.036610
0.478559,-0.498112,-0.506057,0.516500,2.491858,0.049947,-16.040325
0.478806,-0.498945,-0.507118,0.514422,2.547696,0.049667,-16.040867
0.480273,-0.502549,-0.505037,0.511586,2.589900,0.050220,-16.041958
0.482210,-0.507017,-0.503744,0.506605,2.647469,0.050738,-16.042347
0.484177,-0.510444,-0.502479,0.502527,2.704937,0.049400,-16.040308
0.484563,-0.511386,-0.502351,0.501325,2.746906,0.048237,-16.041065
0.485082,-0.512232,-0.501502,0.500808,2.802472,0.046699,-16.040897
0.485932,-0.512833,-0.500489,0.500383,2.843973,0.045530,-16.040781
0.487295,-0.513279,-0.498825,0.500261,2.899112,0.046182,-16.040026
-0.487549,0.514370,0.497869,-0.499846,2.955301,0.047081,-16.039537
-0.487929,0.515105,0.496928,-0.499655,2.998296,0.048912,-16.038643
-0.488463,0.515939,0.496821,-0.498377,3.055711,0.050676,-16.036621
-0.493827,0.519088,0.492064,-0.494526,3.237943,0.050713,-16.031017
-0.496339,0.519539,0.489781,-0.493803,3.293888,0.050298,-16.027813
-0.497152,0.520137,0.489163,-0.492967,3.337252,0.050117,-16.026114
-0.498792,0.521253,0.487532,-0.491747,3.392565,0.049741,-16.022203
-0.500956,0.520472,0.486088,-0.491804,3.444173,0.048558,-16.020041
-0.502053,0.521251,0.484322,-0.491601,3.485815,0.050658,-16.018410
-0.504529,0.522332,0.480916,-0.491263,3.539062,0.052151,-16.014744
-0.505024,0.523867,0.480742,-0.489286,3.579297,0.051433,-16.010672
-0.504850,0.526462,0.482596,-0.484836,3.635525,0.049337,-16.002506
-0.504707,0.529928,0.482022,-0.481770,3.690939,0.047083,-15.996824
-0.504478,0.532919,0.481055,-0.479672,3.732353,0.043847,-15.994258
-0.506738,0.533446,0.479013,-0.478746,3.784270,0.042159,-15.988557
-0.508648,0.535846,0.477121,-0.475922,3.838480,0.041435,-15.981051
-0.511292,0.537725,0.474678,-0.473406,3.891921,0.041214,-15.972597
-0.513666,0.539409,0.471274,-0.472319,3.932632,0.043075,-15.968040
-0.516063,0.541349,0.468641,-0.470103,3.986535,0.043598,-15.961416
-0.517240,0.542359,0.466947,-0.469330,4.023685,0.043907,-15.956495
-0.519187,0.544429,0.465543,-0.466167,4.072430,0.043294,-15.947235
-0.522762,0.548581,0.461474,-0.461324,4.109637,0.044393,-15.939223
-0.530198,0.557000,0.454181,-0.449845,4.159822,0.046556,-15.923602
-0.560417,0.579898,0.417169,-0.419072,4.331639,0.052673,-15.864309
-0.566535,0.584285,0.409599,-0.412163,4.366197,0.052498,-15.851506
-0.574991,0.591010,0.398734,-0.401377,4.413843,0.054350,-15.828908
-0.580949,0.596622,0.388977,-0.394003,4.451217,0.054837,-15.813642
-0.588035,0.603899,0.378244,-0.382692,4.496309,0.057364,-15.788119
-0.594052,0.608149,0.370284,-0.374363,4.528355,0.059345,-15.766244
-0.602170,0.613889,0.357727,-0.364092,4.569785,0.061969,-15.737090
-0.609563,0.621572,0.344861,-0.350931,4.611009,0.063039,-15.705688
-0.617960,0.630190,0.328591,-0.336175,4.651159,0.063693,-15.674039
-0.625316,0.638393,0.313813,-0.320868,4.692309,0.065530,-15.642966
-0.631723,0.643425,0.302141,-0.309261,4.720057,0.065310,-15.615681
-0.638950,0.651350,0.285731,-0.292992,4.752483,0.067328,-15.580175
-0.646166,0.660438,0.267545,-0.273333,4.786855,0.070990,-15.543234
-0.653981,0.668683,0.248569,-0.251762,4.812475,0.072554,-15.501953
-0.661298,0.676575,0.228369,-0.229736,4.840203,0.075871,-15.458344
-0.666411,0.681971,0.212003,-0.214164,4.853734,0.077789,-15.425659
-0.671633,0.688661,0.191334,-0.195055,4.891912,0.080555,-15.377769
-0.676540,0.694089,0.171445,-0.176466,4.918916,0.082142,-15.329058
-0.681590,0.697358,0.155497,-0.157948,4.939774,0.083356,-15.279307
-0.684981,0.699848,0.141295,-0.145083,4.955234,0.085115,-15.245001
-0.697602,0.708879,0.070685,-0.076456,5.023352,0.093951,-15.046863
-0.699938,0.710050,0.051315,-0.057300,5.033444,0.095225,-14.988356
-0.700159,0.711687,0.038674,-0.042229,5.041907,0.095967,-14.944975
-0.699800,0.713389,0.025898,-0.026190,5.048207,0.098752,-14.885507
-0.699394,0.713777,0.028025,-0.024200,5.057828,0.099564,-14.828474
-0.699099,0.713951,0.032082,-0.022476,5.061597,0.098854,-14.783998
-0.698864,0.714094,0.033913,-0.022558,5.069674,0.098512,-14.731386
-0.699029,0.713880,0.034463,-0.023367,5.071694,0.098584,-14.685132
-0.698705,0.714175,0.033288,-0.025619,5.076676,0.099753,-14.631333
-0.698732,0.714577,0.025304,-0.022640,5.078547,0.103567,-14.579470
-0.699559,0.714111,0.018350,-0.018052,5.077128,0.106903,-14.535569
-0.700123,0.713853,0.009720,-0.012130,5.074623,0.110932,-14.479957
-0.700183,0.713941,0.001556,-0.005378,5.068972,0.114918,-14.424328
-0.700330,0.713795,-0.003172,0.004817,5.064352,0.116470,-14.357882
-0.699356,0.714571,-0.009271,0.014241,5.059585,0.116738,-14.301730
-0.700394,0.713266,-0.013973,0.022448,5.053753,0.120297,-14.237113
-0.700078,0.713267,-0.021869,0.025747,5.048456,0.123713,-14.195580
-0.698949,0.713812,-0.030850,0.031477,5.042461,0.124652,-14.139755
-0.697679,0.714331,-0.039353,0.037777,5.038239,0.124913,-14.083803
-0.698443,0.712830,-0.044917,0.045097,5.029954,0.124648,-14.024812
-0.696205,0.712130,-0.063095,0.064721,5.002748,0.128052,-13.867045
-0.695472,0.711575,-0.067515,0.073633,4.992262,0.126240,-13.807418
-0.695096,0.710847,-0.071081,0.080532,4.980937,0.125522,-13.767483
-0.694730,0.710575,-0.071990,0.085150,4.966304,0.125894,-13.706316
-0.694860,0.710461,-0.071226,0.085683,4.955268,0.124621,-13.650205
-0.694411,0.711074,-0.072405,0.083217,4.946073,0.126444,-13.609447
-0.694187,0.711332,-0.072203,0.083054,4.934216,0.125424,-13.556958
-0.693494,0.712150,-0.072055,0.081951,4.926780,0.126248,-13.517654
-0.693542,0.712276,-0.069800,0.082398,4.913110,0.125895,-13.463819
-0.693571,0.712505,-0.066687,0.082758,4.905076,0.126932,-13.421989
-0.694164,0.712151,-0.065413,0.081841,4.892432,0.128475,-13.367652
-0.693978,0.712454,-0.065304,0.080861,4.881920,0.128424,-13.316365
-0.693232,0.713224,-0.065499,0.080319,4.874461,0.127784,-13.279234
-0.693639,0.713061,-0.065710,0.078053,4.860398,0.129526,-13.228083
-0.695209,0.711639,-0.064074,0.078413,4.849363,0.129353,-13.189661
-0.695422,0.711617,-0.064349,0.076483,4.835653,0.131114,-13.135293
-0.695685,0.711543,-0.063847,0.075186,4.823107,0.132431,-13.082380
-0.695974,0.711455,-0.064193,0.073015,4.813225,0.133967,-13.042979
-0.696835,0.710914,-0.063971,0.070212,4.800801,0.137667,-12.991198
-0.697211,0.710768,-0.063930,0.067954,4.791664,0.139620,-12.952314
-0.695499,0.714240,-0.047914,0.062026,4.676879,0.149495,-12.474706
-0.695647,0.714128,-0.046843,0.062475,4.671474,0.149769,-12.432859
-0.695533,0.714380,-0.045037,0.062187,4.663899,0.149093,-12.379146
-0.694880,0.715221,-0.043774,0.060689,4.656233,0.151061,-12.324266
-0.695464,0.714930,-0.042245,0.058486,4.645602,0.151498,-12.271218
-0.696032,0.714589,-0.041476,0.056407,4.639034,0.152041,-12.218867
-0.697333,0.713463,-0.038470,0.056718,4.628954,0.150835,-12.162376
-0.697653,0.713258,-0.037797,0.055806,4.622639,0.150747,-12.122223
-0.697770,0.713177,-0.036955,0.055953,4.614578,0.152172,-12.068673
-0.697367,0.713550,-0.036635,0.056430,4.608818,0.152133,-12.029458
-0.697293,0.713646,-0.037018,0.055868,4.601459,0.151139,-11.979272
-0.697509,0.713539,-0.036948,0.054569,4.593274,0.150824,-11.926798
-0.697504,0.713681,-0.037184,0.052578,4.587361,0.151634,-11.874445
-0.698085,0.713334,-0.036437,0.050041,4.581277,0.152027,-11.820811
-0.697885,0.713539,-0.037304,0.049265,4.579237,0.153108,-11.778558
-0.697879,0.713626,-0.037075,0.048259,4.577916,0.152478,-11.722362
-0.697832,0.713734,-0.037166,0.047252,4.576508,0.153709,-11.666977
-0.698415,0.713199,-0.036172,0.047482,4.574257,0.153076,-11.610837
-0.698368,0.713292,-0.035731,0.047129,4.572714,0.152829,-11.556875
-0.698302,0.713312,-0.034421,0.048737,4.571957,0.153051,-11.516201
-0.699407,0.712578,-0.034442,0.043321,4.560393,0.154731,-11.250897
-0.698940,0.713119,-0.034930,0.041518,4.559706,0.154521,-11.211284
-0.699313,0.712878,-0.035152,0.039134,4.557636,0.154179,-11.159807
-0.698549,0.713685,-0.032921,0.039983,4.557861,0.154099,-11.102832
-0.698714,0.713508,-0.031610,0.041296,4.556836,0.153907,-11.060938
-0.698545,0.713679,-0.029203,0.042959,4.554354,0.154035,-11.006037
-0.699006,0.713246,-0.028366,0.043207,4.550734,0.154140,-10.953937
-0.699150,0.713171,-0.030329,0.040694,4.546751,0.155356,-10.902588
-0.699590,0.712767,-0.030474,0.040105,4.543940,0.156580,-10.864231
-0.699400,0.713048,-0.030273,0.038543,4.543839,0.157942,-10.812211
-0.698191,0.714312,-0.029711,0.037485,4.543512,0.159482,-10.757215
-0.698238,0.714289,-0.028760,0.037786,4.541097,0.160483,-10.714670
-0.697475,0.715079,-0.027952,0.037546,4.540018,0.159783,-10.661436
-0.697415,0.715157,-0.027247,0.037675,4.538764,0.159669,-10.606104
-0.697501,0.715099,-0.027887,0.036703,4.535462,0.161259,-10.553776
-0.698227,0.714429,-0.027547,0.036217,4.532506,0.161080,-10.513226
-0.698913,0.713743,-0.026828,0.037021,4.530213,0.163760,-10.460703
-0.699293,0.713339,-0.026338,0.037979,4.526507,0.165490,-10.407889
-0.700156,0.712461,-0.026419,0.038527,4.521225,0.165696,-10.357015
-0.700197,0.712445,-0.026884,0.037742,4.518452,0.166078,-10.305026
-0.701251,0.711727,-0.024699,0.032893,4.506165,0.168684,-10.048933
-0.701403,0.711659,-0.024804,0.030991,4.502745,0.170409,-10.007469
-0.701728,0.711456,-0.024842,0.028132,4.499504,0.171525,-9.956067
-0.701534,0.711711,-0.022772,0.028267,4.496564,0.170292,-9.915805
-0.701591,0.711647,-0.019380,0.030868,4.491416,0.169350,-9.861437
-0.701885,0.711302,-0.017030,0.033423,4.487532,0.168444,-9.804855
-0.702173,0.711017,-0.015478,0.034171,4.485832,0.167770,-9.764475
-0.701026,0.712243,-0.015185,0.032277,4.482884,0.166264,-9.710368
-0.700633,0.712760,-0.013332,0.030160,4.481267,0.164603,-9.658830
-0.700643,0.712810,-0.010487,0.029864,4.480088,0.163747,-9.617363
-0.699653,0.713813,-0.008441,0.029767,4.479587,0.161906,-9.562428
-0.699008,0.714428,-0.007753,0.030340,4.479207,0.161194,-9.510655
-0.698691,0.714754,-0.008285,0.029807,4.476653,0.160955,-9.457306
-0.698561,0.714927,-0.008341,0.028656,4.474515,0.159973,-9.419183
-0.698133,0.715405,-0.007613,0.027338,4.471932,0.159315,-9.369198
-0.697908,0.715659,-0.006520,0.026703,4.468614,0.159128,-9.317315
-0.698188,0.715435,-0.005916,0.025522,4.465172,0.159094,-9.264369
-0.698190,0.715459,-0.006671,0.024570,4.461697,0.159694,-9.212296
-0.697944,0.715734,-0.006484,0.023616,4.459922,0.159913,-9.159621
-0.698041,0.715666,-0.006363,0.022796,4.457726,0.160405,-9.120807
-0.698778,0.715096,-0.002155,0.018515,4.439070,0.161155,-8.817000
-0.698313,0.715606,-0.001971,0.016197,4.436246,0.163764,-8.765629
-0.698573,0.715395,-0.001353,0.014297,4.434133,0.164828,-8.727849
-0.699540,0.714455,0.000931,0.014046,4.431435,0.164841,-8.672605
-0.699594,0.714391,0.002343,0.014448,4.428643,0.164659,-8.630595
-0.699231,0.714711,0.003800,0.015779,4.425875,0.165479,-8.574339
-0.699431,0.714525,0.003771,0.015392,4.423041,0.165839,-8.521185
-0.699678,0.714304,0.003274,0.014505,4.422594,0.165930,-8.482539
-0.699376,0.714641,0.002077,0.012513,4.421465,0.167630,-8.430905
-0.699171,0.714852,0.002861,0.011711,4.419956,0.168208,-8.391291
-0.698976,0.715060,0.003235,0.010605,4.418057,0.168764,-8.338770
-0.698619,0.715411,0.003656,0.010305,4.417645,0.168685,-8.299204
-0.698700,0.715338,0.003711,0.009748,4.417237,0.168922,-8.246258
-0.698514,0.715542,0.003389,0.008215,4.416235,0.168715,-8.196084
-0.698767,0.715313,0.003460,0.006290,4.415174,0.168608,-8.157988
-0.698226,0.715859,0.003015,0.004173,4.414896,0.168430,-8.107100
-0.697856,0.716217,0.003841,0.003784,4.413466,0.168738,-8.068959
-0.697562,0.716491,0.005964,0.003614,4.413307,0.167840,-8.017098
-0.698201,0.715871,0.006223,0.002325,4.411466,0.169268,-7.964576
-0.698303,0.715769,0.005715,0.003716,4.409546,0.169696,-7.925699
-0.699202,0.714810,-0.006210,0.011194,4.396068,0.173967,-7.651232
-0.699287,0.714693,-0.008529,0.011744,4.394722,0.175322,-7.603263
-0.699914,0.714089,-0.006309,0.012569,4.392541,0.175153,-7.552518
-0.700037,0.713948,-0.006334,0.013649,4.390003,0.175768,-7.516471
-0.699830,0.714129,-0.006039,0.014851,4.389570,0.175080,-7.467871
-0.699972,0.713939,-0.004702,0.017540,4.386998,0.174616,-7.415774
-0.700264,0.713626,-0.002837,0.018991,4.386313,0.174438,-7.364326
-0.699846,0.714014,-0.002767,0.019796,4.384122,0.175102,-7.326375
-0.699030,0.714809,-0.004224,0.019703,4.381058,0.175861,-7.277347
-0.699264,0.714626,-0.006023,0.017388,4.377526,0.175379,-7.228487
-0.699158,0.714724,-0.006346,0.017529,4.374909,0.175263,-7.173625
-0.698593,0.715270,-0.007203,0.017460,4.373722,0.176497,-7.119964
-0.698865,0.714995,-0.007144,0.017837,4.371350,0.177142,-7.067919
-0.699341,0.714478,-0.007920,0.019478,4.369985,0.178039,-7.027210
-0.699562,0.714182,-0.009920,0.021401,4.365760,0.178331,-6.982475
-0.699452,0.714187,-0.010270,0.024460,4.363493,0.177586,-6.933519
-0.699638,0.713956,-0.012454,0.024872,4.360407,0.178590,-6.896962
-0.699679,0.713856,-0.014066,0.025705,4.355870,0.179659,-6.847991
-0.699919,0.713601,-0.015422,0.025472,4.351648,0.180991,-6.796899
-0.699945,0.713539,-0.016032,0.026123,4.349201,0.181369,-6.746043
-0.700239,0.713085,-0.019359,0.028290,4.329965,0.185161,-6.485878
-0.700555,0.712775,-0.020432,0.027511,4.326076,0.185405,-6.448817
-0.700637,0.712707,-0.019611,0.027786,4.321826,0.186268,-6.397656
-0.699552,0.713776,-0.020338,0.027136,4.318999,0.187699,-6.345859
-0.699297,0.714027,-0.021475,0.026205,4.316859,0.188670,-6.309888
-0.699160,0.714123,-0.020102,0.028268,4.312175,0.188338,-6.258057
-0.698821,0.714400,-0.020031,0.029682,4.309355,0.188470,-6.218820
-0.698837,0.714309,-0.018608,0.032286,4.304932,0.188137,-6.166110
-0.698613,0.714426,-0.018993,0.034273,4.300426,0.188479,-6.113900
-0.698742,0.714264,-0.020339,0.034247,4.296155,0.188495,-6.077903
-0.698324,0.714572,-0.022118,0.035237,4.291131,0.188468,-6.025523
-0.697473,0.715399,-0.022795,0.034876,4.289698,0.188350,-5.987270
-0.697322,0.715548,-0.021347,0.035725,4.286027,0.187895,-5.935389
-0.697644,0.715297,-0.020507,0.034973,4.281237,0.187463,-5.879946
-0.697825,0.715137,-0.018288,0.035845,4.278157,0.187554,-5.841818
-0.696994,0.716024,-0.018397,0.034215,4.273736,0.188854,-5.792310
-0.697985,0.715143,-0.017891,0.032673,4.268147,0.189371,-5.742004
-0.697958,0.715266,-0.017434,0.030740,4.262746,0.188943,-5.693511
-0.697070,0.716173,-0.018738,0.028978,4.260143,0.189882,-5.658190
-0.697421,0.715895,-0.017541,0.028120,4.257714,0.190610,-5.607611
-0.696207,0.717290,-0.010854,0.025948,4.244660,0.191207,-5.335546
-0.696141,0.717402,-0.012551,0.023746,4.241064,0.193278,-5.298772
-0.695016,0.718580,-0.015576,0.018799,4.240852,0.195630,-5.251290
-0.694388,0.719233,-0.016116,0.016407,4.239127,0.197448,-5.201413
-0.695118,0.718547,-0.014847,0.016730,4.237049,0.197096,-5.162611
-0.695291,0.718356,-0.011273,0.020184,4.235351,0.195390,-5.108038
-0.695055,0.718497,-0.007280,0.024641,4.231893,0.193261,-5.052592
-0.696302,0.717266,-0.005479,0.025748,4.227931,0.191588,-5.011545
-0.697342,0.716287,-0.003912,0.025134,4.224614,0.190848,-4.958371
-0.697633,0.716072,-0.002903,0.023259,4.220811,0.190283,-4.905340
-0.697305,0.716449,-0.002883,0.021429,4.218719,0.190247,-4.866131
-0.697920,0.715868,-0.000744,0.020965,4.216414,0.190273,-4.810538
-0.697982,0.715806,0.000767,0.021015,4.214848,0.189705,-4.769337
-0.697340,0.716438,0.001816,0.020735,4.212482,0.190212,-4.717654
-0.697482,0.716356,0.001478,0.018725,4.210073,0.191182,-4.668321
-0.697660,0.716243,0.000359,0.016329,4.207694,0.193124,-4.619842
-0.697681,0.716213,-0.000673,0.016758,4.204018,0.193831,-4.569166
-0.697817,0.716103,-0.000740,0.015707,4.201804,0.193834,-4.531243
-0.698421,0.715547,0.000967,0.014163,4.199214,0.194038,-4.478589
-0.699261,0.714728,0.003350,0.013654,4.198153,0.193998,-4.437881
-0.700823,0.713293,0.003553,0.006821,4.194880,0.193985,-4.143889
-0.700261,0.713850,0.003438,0.006445,4.193791,0.193980,-4.092398
-0.699997,0.714120,0.002984,0.005265,4.193381,0.194170,-4.054744
-0.699515,0.714589,0.003988,0.005060,4.193512,0.194256,-4.003295
-0.698937,0.715114,0.007272,0.006812,4.191574,0.193052,-3.947640
-0.698621,0.715408,0.008310,0.007071,4.193949,0.193966,-3.907000
-0.698659,0.715347,0.010237,0.006987,4.194478,0.194486,-3.855417
-0.698600,0.715430,0.009298,0.005633,4.194208,0.194609,-3.819518
-0.698292,0.715752,0.008172,0.004591,4.194986,0.194483,-3.771034
-0.698370,0.715658,0.008893,0.005775,4.193881,0.193987,-3.717806
-0.698485,0.715534,0.008689,0.007319,4.191658,0.193236,-3.677957
-0.698419,0.715598,0.007212,0.008876,4.191183,0.193754,-3.625371
-0.698290,0.715726,0.004826,0.010157,4.191107,0.194019,-3.573632
-0.698500,0.715520,0.003109,0.010896,4.190308,0.194648,-3.535766
-0.698600,0.715418,-0.000729,0.011608,4.189553,0.195168,-3.485954
-0.698668,0.715321,-0.003802,0.012834,4.187949,0.195304,-3.447736
-0.698231,0.715659,-0.008430,0.015333,4.188021,0.195482,-3.395637
-0.697985,0.715773,-0.011869,0.018603,4.187438,0.196079,-3.342898
-0.697568,0.716052,-0.013409,0.022105,4.184514,0.196071,-3.303910
-0.696875,0.716563,-0.016660,0.025010,4.179233,0.196729,-3.252543
-0.692342,0.711695,-0.082330,0.085876,4.119784,0.205709,-2.947253
-0.692494,0.709400,-0.088962,0.096383,4.106273,0.205538,-2.908821
-0.690874,0.706832,-0.101261,0.113257,4.088616,0.206172,-2.857714
-0.688268,0.704207,-0.115023,0.130956,4.067740,0.207748,-2.810759
-0.685818,0.701999,-0.128005,0.143054,4.050368,0.209672,-2.777757
-0.681950,0.699244,-0.144579,0.158425,4.023865,0.212409,-2.731623
-0.679188,0.696632,-0.156792,0.169775,4.002538,0.214098,-2.697660
-0.677012,0.691249,-0.173581,0.183575,3.971731,0.216383,-2.654171
-0.671938,0.688096,-0.189668,0.197610,3.942795,0.219028,-2.608792
-0.668092,0.685420,-0.201915,0.207565,3.919890,0.220525,-2.576572
-0.663390,0.680457,-0.217476,0.222705,3.886697,0.221591,-2.536674
-0.657905,0.674166,-0.234085,0.240554,3.850374,0.222291,-2.498944
-0.654490,0.668203,-0.245555,0.254655,3.820943,0.223214,-2.471227
-0.648946,0.660908,-0.260301,0.272604,3.781619,0.223672,-2.435331
-0.643121,0.656917,-0.271800,0.284571,3.753176,0.224102,-2.410209
-0.635025,0.650899,-0.287542,0.300654,3.714499,0.223449,-2.380737
-0.628169,0.643770,-0.303411,0.314492,3.672467,0.224279,-2.353504
-0.622659,0.638039,-0.315783,0.324781,3.641039,0.225457,-2.334649
-0.613821,0.630906,-0.331494,0.339550,3.600247,0.228187,-2.309550
-0.605373,0.623356,-0.345516,0.354357,3.557160,0.229759,-2.286869
-0.555266,0.561851,-0.422929,0.443999,3.282618,0.233654,-2.202103
-0.546533,0.553669,-0.433429,0.454853,3.243570,0.235549,-2.191733
-0.535584,0.541633,-0.447017,0.468999,3.193157,0.236903,-2.186728
-0.523950,0.532556,-0.458548,0.481242,3.143651,0.237864,-2.181844
-0.518343,0.527051,-0.465316,0.486846,3.104857,0.239444,-2.179111
-0.514193,0.519806,-0.471752,0.492805,3.050143,0.241772,-2.177399
-0.508367,0.512451,-0.478517,0.499979,3.001989,0.242717,-2.178560
-0.501175,0.507046,-0.483738,0.507667,2.954635,0.243288,-2.178085
-0.498326,0.501493,-0.487009,0.512834,2.917432,0.242693,-2.180169
-0.497101,0.500388,-0.488483,0.513699,2.867052,0.242966,-2.181661
-0.497032,0.500273,-0.488773,0.513602,2.817459,0.243290,-2.182982
-0.497289,0.500161,-0.488832,0.513407,2.767915,0.243804,-2.184574
-0.496269,0.501002,-0.489159,0.513263,2.719875,0.244646,-2.185509
-0.497090,0.500795,-0.488873,0.512940,2.684217,0.244538,-2.186153
-0.496218,0.502547,-0.489147,0.511810,2.638175,0.245553,-2.185402
-0.497882,0.501790,-0.488710,0.511354,2.589722,0.244736,-2.187689
-0.497777,0.501903,-0.489517,0.510572,2.555566,0.244743,-2.189464
-0.498367,0.501674,-0.489173,0.510552,2.507817,0.244680,-2.190223
-0.497958,0.502340,-0.488655,0.510792,2.462561,0.243855,-2.189085
-0.497949,0.503382,-0.488629,0.509798,2.417151,0.244319,-2.188486
-0.500187,0.505813,-0.488557,0.505250,2.095382,0.252422,-2.207984
-0.500152,0.504488,-0.487582,0.507547,2.049855,0.252812,-2.219040
-0.500666,0.504780,-0.485773,0.508483,1.972226,0.254144,-2.236249
-0.501130,0.506460,-0.484835,0.507249,1.908042,0.256007,-2.261609
-0.501941,0.507842,-0.484178,0.505691,1.860967,0.257284,-2.278176
-0.505476,0.510016,-0.481744,0.502295,1.798714,0.257720,-2.282224
-0.503804,0.511766,-0.481555,0.502375,1.753350,0.258371,-2.275961
-0.504069,0.511132,-0.481357,0.502945,1.678872,0.258051,-2.275784
-0.504111,0.511182,-0.480796,0.503390,1.629341,0.258533,-2.275141
-0.504501,0.511500,-0.481183,0.502304,1.567947,0.259511,-2.273713
-0.505521,0.512149,-0.481216,0.500582,1.508630,0.261228,-2.272935
-0.504995,0.512978,-0.481008,0.500464,1.465520,0.261975,-2.271528
-0.504322,0.515264,-0.480335,0.499440,1.412629,0.262584,-2.270155
-0.507409,0.515053,-0.477820,0.498944,1.354907,0.262536,-2.269775
-0.511851,0.512678,-0.475717,0.498862,1.309412,0.261235,-2.271449
-0.513259,0.511637,-0.474011,0.500105,1.252518,0.263923,-2.271493
-0.512156,0.512785,-0.474172,0.499908,1.210537,0.265404,-2.270206
0.515530,-0.511148,0.474636,-0.497671,1.154646,0.265226,-2.270930
0.515247,-0.512181,0.475132,-0.496428,1.102088,0.265400,-2.265630
0.516234,-0.512509,0.474989,-0.495199,1.062016,0.266000,-2.263955
0.520143,-0.519172,0.468879,-0.489964,0.485021,0.266555,-2.069306
0.521289,-0.519125,0.468043,-0.489594,0.440054,0.266957,-2.062397
0.520996,-0.520474,0.467823,-0.488683,0.381890,0.265798,-2.049736
-0.520576,0.521336,-0.467476,0.488543,0.336754,0.266133,-2.040995
-0.518773,0.523621,-0.468075,0.487443,0.279856,0.267386,-2.028261
-0.518128,0.525279,-0.468916,0.485533,0.235406,0.268568,-2.016281
-0.519416,0.525926,-0.467534,0.484789,0.179243,0.268275,-1.991346
-0.520320,0.526560,-0.466242,0.484375,0.123220,0.268480,-1.962026
-0.520162,0.528104,-0.466008,0.483089,0.065270,0.269926,-1.928181
-0.520001,0.528363,-0.466328,0.482669,0.010418,0.270942,-1.885831
-0.520185,0.528925,-0.466399,0.481787,-0.038251,0.271501,-1.840395
-0.521558,0.528700,-0.465671,0.481253,-0.072675,0.271586,-1.805922
-0.523159,0.529217,-0.463998,0.480561,-0.117347,0.272144,-1.759562
-0.522937,0.529215,-0.464155,0.480653,-0.158660,0.272861,-1.715771
-0.523186,0.528591,-0.465075,0.480180,-0.199676,0.272848,-1.666858
-0.522024,0.525126,-0.466222,0.484118,-0.233261,0.271898,-1.629918
-0.518776,0.519309,-0.471244,0.488999,-0.277988,0.271540,-1.582532
0.509740,-0.509230,0.480665,-0.499812,-0.316964,0.271876,-1.531731
-0.500334,0.499961,-0.490747,0.508795,-0.343835,0.272399,-1.494645
-0.486704,0.483098,-0.504473,0.524636,-0.368782,0.272524,-1.433061
-0.281255,0.280248,-0.641166,0.656706,-0.323678,0.274927,-1.401807
-0.253375,0.250742,-0.652935,0.668285,-0.325187,0.274929,-1.429352
-0.225130,0.217655,-0.664014,0.678991,-0.335451,0.275028,-1.465112
-0.203485,0.195844,-0.671391,0.685181,-0.335871,0.276506,-1.486259
-0.184756,0.177565,-0.677338,0.689601,-0.329228,0.278054,-1.494236
-0.148526,0.135130,-0.686856,0.698505,-0.316926,0.279455,-1.493489
-0.127873,0.120702,-0.689612,0.702506,-0.304429,0.280778,-1.467200
-0.105072,0.096101,-0.694136,0.705620,-0.287990,0.280106,-1.448573
-0.080781,0.075746,-0.697530,0.707947,-0.267556,0.281347,-1.424206
-0.053788,0.046729,-0.700193,0.710389,-0.246573,0.280694,-1.419963
-0.029898,0.022521,-0.701528,0.711658,-0.236901,0.279697,-1.414351
-0.015789,0.008175,-0.702042,0.711913,-0.231312,0.280306,-1.411982
0.000362,-0.008370,-0.702147,0.711983,-0.226163,0.279902,-1.410542
-0.003656,-0.004610,-0.701243,0.712898,-0.238036,0.279263,-1.413730
-0.004703,-0.001392,-0.700966,0.713178,-0.258079,0.279532,-1.413946
-0.005477,-0.001797,-0.700995,0.713143,-0.286360,0.278494,-1.415560
-0.005536,-0.001674,-0.700585,0.713545,-0.307618,0.278849,-1.417789
-0.005367,-0.001256,-0.700538,0.713593,-0.336267,0.278495,-1.419182
-0.006169,-0.001314,-0.700500,0.713624,-0.363178,0.278903,-1.419480
-0.006600,-0.000994,-0.700456,0.713664,-0.392254,0.279466,-1.418203
-0.010302,0.000403,-0.698662,0.715377,-0.483485,0.280329,-1.421652
-0.010492,0.000651,-0.698561,0.715473,-0.494741,0.280235,-1.420460
-0.010515,0.000453,-0.698152,0.715872,-0.504152,0.280305,-1.420600
-0.016353,0.005770,-0.697945,0.715941,-0.503559,0.279961,-1.420623
-0.012206,0.003661,-0.697676,0.716300,-0.502711,0.280252,-1.420304
-0.013665,0.002359,-0.698333,0.715639,-0.503535,0.279571,-1.422608
-0.013991,0.003459,-0.698412,0.715551,-0.508295,0.280480,-1.423666
-0.014899,0.003667,-0.698201,0.715737,-0.520811,0.280718,-1.425164
-0.015721,0.003202,-0.697937,0.715979,-0.533140,0.280416,-1.427736
-0.014922,0.002376,-0.698023,0.715916,-0.553092,0.280728,-1.429975
-0.014162,0.000574,-0.698057,0.715902,-0.573337,0.280713,-1.432065
-0.013392,0.000780,-0.697353,0.716603,-0.583845,0.281131,-1.430593
-0.013895,0.000967,-0.697884,0.716076,-0.585116,0.280294,-1.428715
-0.014048,0.001138,-0.697937,0.716021,-0.584858,0.280156,-1.428517
-0.014086,0.001184,-0.697960,0.715997,-0.584364,0.280868,-1.429013
-0.016879,0.002933,-0.696991,0.716875,-0.580437,0.280785,-1.428850
-0.019175,0.002499,-0.698733,0.715121,-0.563160,0.280617,-1.418123
-0.015426,0.006934,-0.697111,0.716763,-0.565155,0.281241,-1.385203
-0.017665,0.004881,-0.697748,0.716109,-0.564362,0.280251,-1.378743
-0.018190,0.004856,-0.697518,0.716320,-0.564776,0.280881,-1.375823
-0.017147,0.004695,-0.697693,0.716176,-0.562033,0.281787,-1.363878
-0.016927,0.004821,-0.697703,0.716171,-0.563352,0.282296,-1.363799
-0.016793,0.005850,-0.697684,0.716185,-0.563465,0.282872,-1.364254
-0.019650,0.007849,-0.697594,0.716181,-0.567988,0.283050,-1.371618
-0.020000,0.005659,-0.697590,0.716196,-0.582923,0.282340,-1.376943
-0.019620,0.008018,-0.697751,0.716027,-0.594772,0.283142,-1.374295
-0.019628,0.007360,-0.697903,0.715885,-0.610389,0.283777,-1.374821
-0.019149,0.007400,-0.698043,0.715761,-0.623296,0.283521,-1.374896
-0.019378,0.007168,-0.697914,0.715883,-0.640654,0.283040,-1.375767
-0.019497,0.007079,-0.698022,0.715776,-0.646023,0.281951,-1.375904
-0.019548,0.007070,-0.698158,0.715642,-0.640515,0.281701,-1.376007
-0.019184,0.007237,-0.697910,0.715892,-0.632280,0.281452,-1.376172
-0.019062,0.007487,-0.697939,0.715865,-0.628678,0.281062,-1.375916
-0.019096,0.007294,-0.697909,0.715895,-0.627623,0.281032,-1.375977
-0.019243,0.007286,-0.698064,0.715740,-0.628653,0.281105,-1.376002
-0.019157,0.007280,-0.698047,0.715759,-0.628180,0.280884,-1.376089
-0.019342,0.007301,-0.698106,0.715695,-0.627552,0.281450,-1.376014
-0.020729,0.008054,-0.697132,0.716598,-0.622780,0.281829,-1.376168
-0.014582,0.002489,-0.697912,0.716030,-0.609642,0.281073,-1.367630
-0.015814,0.004207,-0.698179,0.715736,-0.608675,0.281523,-1.359231
-0.016488,0.003981,-0.698227,0.715676,-0.605945,0.281717,-1.361727
-0.016465,0.003876,-0.698260,0.715644,-0.606348,0.281784,-1.362133
-0.016417,0.003789,-0.698244,0.715662,-0.607092,0.281634,-1.362515
-0.016241,0.003761,-0.697996,0.715907,-0.608336,0.281900,-1.362923
-0.016207,0.003784,-0.697904,0.715998,-0.608537,0.281915,-1.363052
-0.016194,0.003770,-0.697967,0.715937,-0.608612,0.281906,-1.363413
-0.016181,0.003778,-0.698008,0.715897,-0.608830,0.281717,-1.363573
-0.016102,0.003696,-0.697992,0.715915,-0.609133,0.281578,-1.363621
-0.016120,0.003748,-0.698033,0.715874,-0.608936,0.281580,-1.363464
-0.016086,0.003736,-0.698067,0.715842,-0.608918,0.281611,-1.363486
-0.015832,0.002794,-0.698039,0.715879,-0.608703,0.281601,-1.363164
-0.011956,-0.001119,-0.697984,0.716013,-0.607057,0.281664,-1.363345
-0.007744,-0.005254,-0.698098,0.715941,-0.605337,0.281798,-1.363226
-0.007927,-0.004849,-0.698122,0.715918,-0.605417,0.282033,-1.363654
-0.008036,-0.004766,-0.698127,0.715913,-0.605663,0.281903,-1.363619
-0.008084,-0.004777,-0.698154,0.715886,-0.605687,0.281956,-1.363699
-0.008159,-0.004841,-0.698162,0.715877,-0.605342,0.282316,-1.363820
-0.008136,-0.004746,-0.698222,0.715820,-0.605358,0.282242,-1.363922
-0.006932,-0.006018,-0.698327,0.715720,-0.604948,0.281985,-1.363686
-0.006673,-0.006460,-0.698196,0.715847,-0.604832,0.282025,-1.363903
-0.006866,-0.006272,-0.698165,0.715876,-0.604716,0.282264,-1.364007
-0.006823,-0.006034,-0.698098,0.715944,-0.604768,0.282464,-1.363813
-0.006878,-0.005968,-0.698157,0.715887,-0.605147,0.282039,-1.363643
-0.006925,-0.005889,-0.698129,0.715914,-0.605357,0.281754,-1.363686
-0.005816,-0.007183,-0.698160,0.715882,-0.605147,0.281663,-1.363605
-0.005557,-0.007419,-0.698183,0.715860,-0.605506,0.281622,-1.363510
-0.005465,-0.007375,-0.698210,0.715834,-0.605749,0.281707,-1.363720
-0.006597,-0.006079,-0.698200,0.715846,-0.606366,0.281732,-1.363664
-0.006400,-0.006282,-0.698241,0.715807,-0.606746,0.281628,-1.363487
-0.006479,-0.006290,-0.698258,0.715789,-0.607039,0.281549,-1.363499
-0.005665,-0.007096,-0.698410,0.715640,-0.607181,0.281293,-1.362655
-0.004711,-0.008082,-0.698355,0.715691,-0.607064,0.280948,-1.361966
-0.004604,-0.008172,-0.698358,0.715687,-0.607797,0.281009,-1.361578
-0.005544,-0.007096,-0.698279,0.715769,-0.608824,0.280981,-1.361641
-0.005858,-0.006882,-0.698281,0.715767,-0.608909,0.280892,-1.361857
-0.005861,-0.006799,-0.698274,0.715774,-0.608737,0.280929,-1.361753
-0.005978,-0.006761,-0.698285,0.715763,-0.608583,0.280984,-1.361832
-0.005942,-0.006765,-0.698255,0.715793,-0.608455,0.281009,-1.362013
-0.006007,-0.006725,-0.698271,0.715777,-0.608413,0.280918,-1.361939
-0.005976,-0.006720,-0.698285,0.715763,-0.608433,0.280748,-1.361893
-0.005993,-0.006738,-0.698232,0.715815,-0.607571,0.280911,-1.362278
-0.006013,-0.006681,-0.698199,0.715847,-0.607453,0.280862,-1.362264
-0.006023,-0.006649,-0.698197,0.715849,-0.607387,0.280790,-1.362231
-0.006012,-0.006670,-0.698205,0.715842,-0.607395,0.280736,-1.362206
-0.006051,-0.006626,-0.698202,0.715845,-0.607325,0.280660,-1.362151
-0.006068,-0.006675,-0.698184,0.715861,-0.607327,0.280793,-1.362200
-0.006072,-0.006638,-0.698165,0.715880,-0.607410,0.280892,-1.362285
-0.006041,-0.006618,-0.698177,0.715869,-0.607460,0.280859,-1.362246
-0.006024,-0.006595,-0.698189,0.715858,-0.607463,0.280785,-1.362185
-0.006018,-0.006614,-0.698205,0.715842,-0.607352,0.280837,-1.362190
-0.006010,-0.006661,-0.698212,0.715835,-0.607268,0.280872,-1.362188
-0.006005,-0.006681,-0.698233,0.715814,-0.607215,0.280841,-1.362127
-0.006105,-0.006665,-0.698247,0.715800,-0.607110,0.280772,-1.362041
-0.006152,-0.006555,-0.698234,0.715813,-0.607007,0.280769,-1.362229
-0.006123,-0.006621,-0.698174,0.715871,-0.607035,0.280908,-1.362317
-0.006100,-0.006572,-0.698213,0.715834,-0.607084,0.280923,-1.362374
-0.006073,-0.006554,-0.698244,0.715804,-0.607081,0.280867,-1.362288
-0.006080,-0.006513,-0.698219,0.715828,-0.606977,0.280820,-1.362214
-0.006088,-0.006539,-0.698218,0.715830,-0.606838,0.280752,-1.362190
-0.006072,-0.006501,-0.698258,0.715791,-0.606702,0.280695,-1.362137
-0.006122,-0.006552,-0.698242,0.715805,-0.606647,0.280911,-1.362261
-0.006111,-0.006581,-0.698228,0.715820,-0.606580,0.280850,-1.362210
-0.006181,-0.006539,-0.698237,0.715810,-0.606567,0.280895,-1.362256
-0.006173,-0.006540,-0.698293,0.715756,-0.606431,0.280881,-1.362374
-0.006180,-0.006554,-0.698311,0.715738,-0.606227,0.280818,-1.362496
-0.006196,-0.006521,-0.698327,0.715723,-0.606208,0.280902,-1.362435
-0.006212,-0.006491,-0.698332,0.715717,-0.606184,0.280948,-1.362481
-0.006178,-0.006466,-0.698297,0.715753,-0.606170,0.280963,-1.362388
-0.006221,-0.006457,-0.698257,0.715791,-0.606155,0.280966,-1.362394
-0.006151,-0.006493,-0.698248,0.715800,-0.606212,0.280897,-1.362425
-0.006209,-0.006508,-0.698273,0.715775,-0.606177,0.280873,-1.362432
-0.006184,-0.006526,-0.698253,0.715794,-0.606196,0.280825,-1.362395
-0.006180,-0.006500,-0.698195,0.715852,-0.606222,0.280888,-1.362399
-0.006149,-0.006479,-0.698180,0.715866,-0.606220,0.280935,-1.362442
-0.006181,-0.006464,-0.698192,0.715855,-0.606223,0.280961,-1.362374
-0.006256,-0.006439,-0.698228,0.715819,-0.606183,0.280993,-1.362334
-0.006215,-0.006467,-0.698201,0.715846,-0.606145,0.281032,-1.362304
-0.006194,-0.006463,-0.698208,0.715839,-0.606151,0.281036,-1.362347
-0.006170,-0.006475,-0.698227,0.715821,-0.606144,0.280994,-1.362330
-0.006132,-0.006529,-0.698247,0.715801,-0.606098,0.280933,-1.362397
-0.006184,-0.006399,-0.698227,0.715821,-0.605599,0.280729,-1.362247
-0.006131,-0.006377,-0.698219,0.715829,-0.605211,0.280482,-1.361900
-0.006184,-0.006414,-0.698224,0.715824,-0.605437,0.280492,-1.362121
-0.006158,-0.006443,-0.698231,0.715817,-0.605626,0.280544,-1.362205
-0.006198,-0.006440,-0.698227,0.715820,-0.605636,0.280496,-1.362261
-0.006261,-0.006381,-0.698244,0.715804,-0.605570,0.280395,-1.362278
-0.006276,-0.006426,-0.698271,0.715777,-0.605602,0.280517,-1.362331
-0.006275,-0.006436,-0.698236,0.715811,-0.605545,0.280615,-1.362298
-0.006240,-0.006462,-0.698189,0.715857,-0.605661,0.280649,-1.362313
-0.006205,-0.006406,-0.698204,0.715843,-0.605657,0.280712,-1.362345
-0.006228,-0.006355,-0.698274,0.715776,-0.605637,0.280742,-1.362347
-0.006213,-0.006450,-0.698286,0.715763,-0.605539,0.280793,-1.362279
-0.006191,-0.006463,-0.698313,0.715737,-0.605461,0.280773,-1.362210
-0.006204,-0.006416,-0.698250,0.715798,-0.605629,0.280661,-1.362357
-0.006206,-0.006416,-0.698250,0.715799,-0.605651,0.280619,-1.362515
-0.006246,-0.006429,-0.698265,0.715783,-0.605602,0.280579,-1.362491
-0.006200,-0.006402,-0.698212,0.715836,-0.605631,0.280609,-1.362491
-0.006164,-0.006401,-0.698208,0.715840,-0.605663,0.280626,-1.362489
-0.006162,-0.006409,-0.698178,0.715869,-0.605649,0.280609,-1.362497
-0.006160,-0.006415,-0.698203,0.715844,-0.605548,0.280622,-1.362482
-0.006189,-0.006386,-0.698171,0.715876,-0.605625,0.280583,-1.362273
-0.006176,-0.006387,-0.698173,0.715874,-0.605659,0.280519,-1.362270
-0.006168,-0.006416,-0.698194,0.715854,-0.605714,0.280504,-1.362334
-0.006201,-0.006406,-0.698159,0.715887,-0.605792,0.280445,-1.362303
-0.006198,-0.006436,-0.698181,0.715866,-0.605890,0.280392,-1.362242
-0.006201,-0.006400,-0.698193,0.715855,-0.605878,0.280414,-1.362274
-0.006163,-0.006397,-0.698227,0.715821,-0.605774,0.280494,-1.362384
-0.006127,-0.006430,-0.698250,0.715798,-0.605752,0.280502,-1.362369
-0.006142,-0.006455,-0.698226,0.715822,-0.605758,0.280545,-1.362278
-0.006152,-0.006437,-0.698244,0.715805,-0.605771,0.280560,-1.362148
-0.006197,-0.006487,-0.698217,0.715830,-0.605766,0.280608,-1.361920
-0.006181,-0.006461,-0.698232,0.715815,-0.605768,0.280631,-1.362172
-0.006198,-0.006481,-0.698237,0.715811,-0.605780,0.280691,-1.362249
-0.006187,-0.006503,-0.698249,0.715798,-0.605854,0.280710,-1.362236
-0.006173,-0.006538,-0.698235,0.715812,-0.605895,0.280755,-1.362265
-0.006124,-0.006495,-0.698220,0.715827,-0.605895,0.280815,-1.362340
-0.006154,-0.006533,-0.698210,0.715837,-0.605915,0.280846,-1.362310
-0.006137,-0.006575,-0.698249,0.715798,-0.605891,0.280901,-1.362314
-0.006118,-0.006563,-0.698217,0.715830,-0.605904,0.280940,-1.362308
-0.006150,-0.006550,-0.698237,0.715810,-0.605908,0.281006,-1.362267
-0.006175,-0.006548,-0.698165,0.715881,-0.606168,0.280919,-1.362385
-0.006166,-0.006567,-0.698153,0.715892,-0.606285,0.280858,-1.362295
-0.006178,-0.006566,-0.698176,0.715870,-0.606430,0.280778,-1.362203
-0.006138,-0.006569,-0.698245,0.715802,-0.606373,0.280828,-1.362301
-0.006164,-0.006550,-0.698276,0.715772,-0.606285,0.280895,-1.362403
-0.006192,-0.006560,-0.698263,0.715785,-0.606259,0.280976,-1.362398
-0.006150,-0.006575,-0.698248,0.715800,-0.606231,0.280960,-1.362388
-0.006175,-0.006543,-0.698231,0.715816,-0.606209,0.280928,-1.362396
-0.006209,-0.006512,-0.698194,0.715852,-0.606133,0.280867,-1.362374
-0.006161,-0.006529,-0.698204,0.715842,-0.606192,0.280866,-1.362430
-0.006124,-0.006552,-0.698201,0.715845,-0.606306,0.280921,-1.362474
-0.006138,-0.006537,-0.698229,0.715819,-0.606356,0.280979,-1.362439
-0.006112,-0.006541,-0.698232,0.715815,-0.606408,0.281001,-1.362392
-0.006104,-0.006547,-0.698237,0.715810,-0.606457,0.280971,-1.362206
-0.006094,-0.006560,-0.698242,0.715806,-0.606435,0.280954,-1.362146
-0.006152,-0.006570,-0.698272,0.715776,-0.606420,0.281030,-1.362275
